python3 benchmark.py -n 500 -j 4 --timeout 10 --pin-cores --keep-logs logs/181107-160954-updr
dump_version_info: dumping information about the current commit and working directory
c073a1c7ef9d45814aefe2c62577f495151e8605
On branch master
Your branch is up-to-date with 'origin/master'.
Untracked files:
  (use "git add <file>..." to include in what will be committed)

	logs/181107-160954-updr/
	tmp.sh

nothing added to commit but untracked files present (use "git add" to track)
dump_version_info: done.
--------------------------------------------------------------------------------
Benchmark('test/lockserv.pyv',safety=mutex)
[(0.591557, 1057), (0.597691, 1052), (0.593416, 1057), (0.595988, 1060), (0.593772, 1055), (0.595376, 1052), (0.588337, 1052), (0.605751, 1095), (0.602436, 1057), (0.603927, 1052), (0.594791, 1052), (0.605274, 1092), (0.606273, 1097), (0.60874, 1100), (0.609759, 1095), (0.600826, 1095), (0.62075, 1100), (0.592586, 1052), (0.606769, 1095), (0.595764, 1057), (0.602498, 1060), (0.59475, 1055), (0.605112, 1055), (0.59655, 1052), (0.592982, 1055), (0.596042, 1060), (0.614634, 1100), (0.601208, 1055), (0.592237, 1057), (0.606801, 1092), (0.608563, 1092), (0.636038, 1095), (0.594773, 1055), (0.598128, 1052), (0.629122, 1095), (0.59921, 1055), (0.614437, 1100), (0.590282, 1052), (0.609899, 1052), (0.615779, 1060), (0.597137, 1060), (0.599744, 1060), (0.599969, 1055), (0.598236, 1052), (0.608834, 1052), (0.609816, 1092), (0.614532, 1092), (0.59732, 1055), (0.599271, 1060), (0.59753, 1055), (0.615168, 1095), (0.61498, 1055), (0.609803, 1095), (0.608743, 1055), (0.610144, 1092), (0.603102, 1060), (0.604222, 1057), (0.626296, 1095), (0.602327, 1055), (0.612228, 1092), (0.621717, 1095), (0.596622, 1055), (0.60509, 1055), (0.601503, 1060), (0.596476, 1052), (0.596185, 1055), (0.600085, 1055), (0.599467, 1055), (0.596838, 1055), (0.597771, 1055), (0.618663, 1092), (0.621765, 1095), (0.600716, 1052), (0.593098, 1052), (0.607824, 1092), (0.642994, 1060), (0.61097, 1100), (0.611556, 1095), (0.619941, 1092), (0.616588, 1100), (0.626486, 1095), (0.616, 1097), (0.611874, 1100), (0.604336, 1055), (0.608008, 1052), (0.600505, 1060), (0.632049, 1057), (0.605525, 1052), (0.61134, 1092), (0.607272, 1100), (0.610962, 1060), (0.621778, 1100), (0.598795, 1055), (0.595312, 1052), (0.60833, 1060), (0.637426, 1095), (0.622584, 1092), (0.605215, 1052), (0.605539, 1052), (0.606696, 1055), (0.592625, 1052), (0.598882, 1052), (0.599789, 1052), (0.641713, 1092), (0.612243, 1097), (0.604991, 1092), (0.612956, 1055), (0.639617, 1055), (0.599336, 1055), (0.611796, 1095), (0.619446, 1052), (0.620863, 1095), (0.599107, 1055), (0.609182, 1092), (0.601057, 1052), (0.609377, 1055), (0.599297, 1052), (0.600381, 1055), (0.602306, 1057), (0.600819, 1055), (0.61917, 1052), (0.595069, 1055), (0.6181, 1095), (0.613152, 1055), (0.599242, 1057), (0.599021, 1055), (0.620574, 1097), (0.600974, 1052), (0.614666, 1100), (0.600464, 1057), (0.609165, 1055), (0.616123, 1092), (0.624798, 1095), (0.59504, 1055), (0.621795, 1095), (0.620951, 1097), (0.598186, 1055), (0.616389, 1095), (0.602179, 1055), (0.606208, 1060), (0.602118, 1052), (0.620179, 1092), (0.605609, 1060), (0.607329, 1057), (0.616503, 1057), (0.600374, 1060), (0.612026, 1092), (0.615293, 1057), (0.605136, 1055), (0.613907, 1097), (0.599595, 1055), (0.624995, 1092), (0.597815, 1060), (0.596618, 1052), (0.605949, 1060), (0.625432, 1060), (0.610474, 1095), (0.610989, 1100), (0.62169, 1055), (0.602474, 1052), (0.597425, 1052), (0.599345, 1060), (0.625978, 1095), (0.614391, 1057), (0.599122, 1060), (0.591942, 1055), (0.60591, 1060), (0.606224, 1052), (0.601567, 1055), (0.598931, 1055), (0.617756, 1095), (0.604777, 1057), (0.597128, 1052), (0.633949, 1097), (0.601121, 1055), (0.619109, 1052), (0.60618, 1055), (0.60217, 1055), (0.595099, 1052), (0.616675, 1095), (0.604888, 1057), (0.60302, 1060), (0.606074, 1055), (0.613057, 1060), (0.597846, 1052), (0.630961, 1092), (0.599248, 1052), (0.610402, 1052), (0.621003, 1100), (0.642848, 1092), (0.603424, 1060), (0.628908, 1095), (0.602409, 1052), (0.600723, 1055), (0.612457, 1055), (0.613512, 1057), (0.617456, 1097), (0.601609, 1052), (0.61696, 1052), (0.618351, 1052), (0.612326, 1092), (0.615898, 1092), (0.598212, 1052), (0.631345, 1057), (0.617684, 1095), (0.608253, 1057), (0.604747, 1060), (0.608967, 1052), (0.604536, 1057), (0.605572, 1055), (0.601505, 1052), (0.624997, 1057), (0.599659, 1052), (0.603776, 1060), (0.602476, 1052), (0.650862, 1052), (0.618046, 1095), (0.604818, 1060), (0.607094, 1057), (0.609495, 1052), (0.617291, 1097), (0.6044, 1055), (0.608179, 1060), (0.627386, 1092), (0.601759, 1055), (0.608521, 1052), (0.604459, 1052), (0.611622, 1057), (0.61352, 1092), (0.610339, 1057), (0.607351, 1060), (0.606198, 1052), (0.619249, 1057), (0.601551, 1055), (0.604668, 1055), (0.614428, 1055), (0.597571, 1055), (0.602699, 1060), (0.603102, 1052), (0.614346, 1055), (0.608235, 1092), (0.597606, 1052), (0.609062, 1055), (0.610865, 1055), (0.617786, 1055), (0.620171, 1095), (0.606108, 1052), (0.611388, 1057), (0.613545, 1100), (0.598218, 1055), (0.617797, 1097), (0.61753, 1055), (0.600657, 1057), (0.601865, 1055), (0.607685, 1057), (0.628285, 1100), (0.614782, 1060), (0.618619, 1100), (0.611901, 1052), (0.612449, 1057), (0.615127, 1092), (0.607726, 1055), (0.620596, 1097), (0.626381, 1052), (0.600336, 1055), (0.605315, 1057), (0.61455, 1057), (0.614864, 1055), (0.60003, 1052), (0.608163, 1055), (0.6261, 1057), (0.640452, 1060), (0.614003, 1100), (0.625277, 1055), (0.622072, 1095), (0.628799, 1060), (0.614026, 1092), (0.613312, 1092), (0.624087, 1092), (0.611849, 1052), (0.604398, 1055), (0.607106, 1060), (0.622989, 1095), (0.617685, 1092), (0.608979, 1092), (0.595341, 1055), (0.604528, 1052), (0.624748, 1060), (0.614186, 1097), (0.6023, 1060), (0.602978, 1052), (0.606802, 1055), (0.613503, 1057), (0.618814, 1092), (0.618646, 1097), (0.62215, 1100), (0.595866, 1052), (0.630857, 1092), (0.604462, 1055), (0.622257, 1097), (0.598883, 1055), (0.604274, 1052), (0.610283, 1055), (0.60862, 1055), (0.616345, 1095), (0.627566, 1097), (0.620479, 1097), (0.621304, 1092), (0.613075, 1100), (0.633423, 1100), (0.601209, 1057), (0.616544, 1055), (0.614751, 1095), (0.616245, 1097), (0.618538, 1100), (0.615458, 1055), (0.620874, 1055), (0.606483, 1055), (0.607496, 1055), (0.607621, 1052), (0.613573, 1052), (0.600715, 1055), (0.617437, 1052), (0.6268, 1100), (0.615333, 1100), (0.603191, 1060), (0.615309, 1095), (0.626343, 1095), (0.616112, 1095), (0.597034, 1057), (0.605482, 1060), (0.621714, 1092), (0.626067, 1100), (0.616507, 1100), (0.61737, 1092), (0.608892, 1055), (0.593243, 1052), (0.600406, 1057), (0.605544, 1057), (0.619029, 1052), (0.614145, 1100), (0.597163, 1055), (0.600572, 1052), (0.607151, 1052), (0.600517, 1052), (0.608222, 1092), (0.60643, 1057), (0.603516, 1052), (0.599899, 1057), (0.618576, 1097), (0.615963, 1095), (0.645486, 1095), (0.594938, 1055), (0.616647, 1060), (0.60739, 1055), (0.611771, 1092), (0.598331, 1055), (0.620145, 1092), (0.621853, 1060), (0.604837, 1052), (0.613556, 1095), (0.620331, 1100), (0.601767, 1055), (0.604767, 1055), (0.610027, 1095), (0.599838, 1055), (0.605638, 1055), (0.616265, 1092), (0.614503, 1060), (0.609909, 1057), (0.607495, 1055), (0.606141, 1060), (0.609403, 1092), (0.600441, 1055), (0.597835, 1052), (0.618852, 1095), (0.59598, 1052), (0.612422, 1092), (0.600911, 1055), (0.603662, 1052), (0.609323, 1092), (0.611102, 1055), (0.61628, 1095), (0.606572, 1052), (0.614063, 1092), (0.600494, 1052), (0.606593, 1055), (0.598541, 1052), (0.600796, 1055), (0.598763, 1057), (0.608327, 1060), (0.644095, 1057), (0.615478, 1092), (0.620841, 1100), (0.619641, 1092), (0.603517, 1052), (0.604012, 1052), (0.600181, 1055), (0.632758, 1092), (0.600762, 1052), (0.599706, 1060), (0.616236, 1095), (0.600768, 1052), (0.615779, 1095), (0.59885, 1052), (0.613507, 1100), (0.600969, 1055), (0.606024, 1055), (0.602153, 1055), (0.625422, 1092), (0.609433, 1055), (0.62034, 1100), (0.632611, 1092), (0.601664, 1052), (0.605942, 1055), (0.599008, 1055), (0.610272, 1095), (0.601573, 1060), (0.602772, 1052), (0.603282, 1052), (0.601893, 1055), (0.602473, 1055), (0.633456, 1095), (0.606638, 1052), (0.602605, 1060), (0.616339, 1095), (0.607177, 1060), (0.608832, 1055), (0.603828, 1060), (0.613529, 1095), (0.614167, 1095), (0.615241, 1092), (0.612447, 1092), (0.607773, 1055), (0.615795, 1052), (0.632005, 1097), (0.636647, 1095), (0.60017, 1055), (0.601189, 1052), (0.602591, 1055), (0.626859, 1095), (0.596529, 1052), (0.6199, 1095), (0.602563, 1055), (0.611189, 1092), (0.623099, 1100), (0.61674, 1095), (0.604804, 1060), (0.6015, 1052), (0.598838, 1052), (0.603662, 1057), (0.616966, 1060), (0.608635, 1060), (0.601391, 1055), (0.635853, 1100), (0.60582, 1055), (0.611196, 1055), (0.617539, 1092), (0.628209, 1097), (0.640104, 1060), (0.594512, 1055), (0.624794, 1100), (0.618522, 1095), (0.603936, 1052), (0.595796, 1052), (0.636529, 1092), (0.621796, 1100), (0.602014, 1052), (0.622403, 1095), (0.605015, 1055), (0.63276, 1057), (0.603237, 1052), (0.609208, 1055), (0.601997, 1052), (0.615059, 1060), (0.622432, 1095), (0.60939, 1057), (0.603615, 1052), (0.604558, 1055), (0.606592, 1052), (0.610968, 1055), (0.611905, 1052), (0.601489, 1052), (0.610504, 1055), (0.613133, 1092), (0.603935, 1052), (0.634258, 1055), (0.609076, 1057), (0.612467, 1092), (0.604197, 1055), (0.604525, 1052), (0.618304, 1057), (0.629005, 1095), (0.61804, 1092), (0.60396, 1052), (0.619731, 1095), (0.612359, 1097), (0.604548, 1060), (0.61679, 1057), (0.600967, 1097)]
avg_time: 0.61000919
stdev_time: 0.010715862987414037
avg_nqueries: 1068.776
stdev_nqueries: 19.195592346449278
# timeouts: 0
Benchmark('test/lockserv_multi.pyv',safety=mutex)
[(0.770944, 1132), (0.797751, 1180), (0.771629, 1132), (0.770036, 1132), (0.801097, 1140), (0.778049, 1140), (0.803799, 1180), (0.772069, 1140), (0.78694, 1177), (0.745129, 1160), (0.780466, 1182), (0.791508, 1180), (0.790805, 1182), (0.772371, 1132), (0.770449, 1132), (0.776142, 1132), (0.771885, 1137), (0.814589, 1201), (0.785814, 1132), (0.740654, 1112), (0.775034, 1137), (0.795677, 1135), (0.819923, 1246), (0.77799, 1132), (0.771709, 1135), (0.776485, 1132), (0.786541, 1132), (0.84313, 1243), (0.813108, 1201), (0.773809, 1137), (0.774983, 1137), (0.777635, 1132), (0.794463, 1182), (0.834212, 1251), (0.752925, 1160), (0.774468, 1132), (0.76918, 1132), (0.778568, 1135), (0.792324, 1177), (0.796213, 1135), (0.781088, 1177), (0.777895, 1135), (0.776628, 1140), (0.807264, 1185), (0.778221, 1132), (0.769913, 1132), (0.803996, 1180), (0.753811, 1160), (0.774048, 1132), (0.778322, 1132), (0.74489, 1115), (0.777772, 1140), (0.802847, 1185), (0.81281, 1201), (0.773462, 1135), (0.775821, 1135), (0.836282, 1203), (0.78442, 1140), (0.787907, 1140), (0.826755, 1223), (0.772569, 1135), (0.793255, 1135), (0.791102, 1135), (0.793119, 1180), (0.772443, 1140), (0.8006, 1182), (0.777315, 1135), (0.745981, 1115), (0.793739, 1180), (0.788087, 1177), (0.775256, 1132), (0.767392, 1135), (0.786759, 1177), (0.78459, 1180), (0.806054, 1140), (0.774779, 1140), (0.773473, 1135), (0.796065, 1140), (0.778352, 1180), (0.770253, 1135), (0.791066, 1180), (0.797316, 1177), (0.784418, 1132), (0.772989, 1135), (0.748196, 1157), (0.760404, 1160), (0.79944, 1180), (0.818239, 1140), (0.751951, 1157), (0.793153, 1182), (0.818574, 1206), (0.769978, 1135), (0.780386, 1140), (0.773206, 1132), (0.773813, 1135), (0.786193, 1137), (0.823735, 1246), (0.810873, 1201), (0.803172, 1180), (0.790125, 1140), (0.774418, 1132), (0.84236, 1246), (0.829215, 1203), (0.791087, 1180), (0.835019, 1243), (0.796011, 1137), (0.814961, 1201), (0.774088, 1132), (0.812474, 1180), (0.776715, 1132), (0.786446, 1226), (0.777293, 1137), (0.776804, 1135), (0.776407, 1132), (0.826877, 1246), (0.787557, 1135), (0.787337, 1140), (0.786584, 1132), (0.783002, 1132), (0.838728, 1248), (0.775093, 1137), (0.804471, 1185), (0.797146, 1137), (0.777854, 1132), (0.778115, 1135), (0.784461, 1135), (0.797623, 1135), (0.782247, 1132), (0.777572, 1132), (0.783458, 1135), (0.791176, 1177), (0.781611, 1132), (0.80971, 1206), (0.817814, 1201), (0.785668, 1137), (0.747028, 1114), (0.796754, 1185), (0.778094, 1137), (0.795459, 1135), (0.808787, 1180), (0.775215, 1140), (0.833502, 1246), (0.769205, 1157), (0.776494, 1132), (0.770499, 1132), (0.777045, 1140), (0.794101, 1185), (0.793887, 1132), (0.782396, 1135), (0.775037, 1132), (0.751807, 1157), (0.847313, 1201), (0.804345, 1132), (0.817645, 1203), (0.778976, 1132), (0.787685, 1132), (0.779755, 1140), (0.781612, 1132), (0.791434, 1180), (0.791775, 1135), (0.772699, 1132), (0.779896, 1132), (0.782515, 1132), (0.809968, 1180), (0.778504, 1140), (0.814584, 1201), (0.777425, 1132), (0.843101, 1248), (0.773943, 1132), (0.781555, 1137), (0.769924, 1135), (0.839844, 1248), (0.781719, 1132), (0.788622, 1135), (0.758664, 1160), (0.790901, 1132), (0.784337, 1135), (0.780826, 1132), (0.813652, 1201), (0.80361, 1180), (0.836583, 1246), (0.782987, 1135), (0.777602, 1137), (0.78976, 1137), (0.785853, 1135), (0.793873, 1182), (0.780386, 1135), (0.811983, 1185), (0.789622, 1137), (0.77951, 1135), (0.792876, 1132), (0.816604, 1201), (0.83332, 1201), (0.836182, 1246), (0.783237, 1135), (0.800427, 1180), (0.77992, 1135), (0.814608, 1201), (0.805835, 1177), (0.78181, 1137), (0.78197, 1140), (0.799241, 1140), (0.782175, 1135), (0.84089, 1251), (0.790205, 1135), (0.783825, 1140), (0.770626, 1132), (0.786068, 1140), (0.8227, 1206), (0.794088, 1182), (0.791585, 1137), (0.791703, 1177), (0.785598, 1132), (0.782145, 1140), (0.786444, 1135), (0.78164, 1135), (0.783363, 1132), (0.794452, 1135), (0.781106, 1132), (0.804139, 1137), (0.790818, 1135), (0.826692, 1201), (0.779918, 1137), (0.786721, 1140), (0.868841, 1312), (0.792441, 1177), (0.796154, 1135), (0.787494, 1135), (0.787053, 1135), (0.783778, 1135), (0.783948, 1140), (0.783533, 1140), (0.79681, 1135), (0.828641, 1246), (0.793499, 1177), (0.754673, 1160), (0.807787, 1135), (0.794439, 1180), (0.78176, 1135), (0.78632, 1135), (0.783421, 1140), (0.799765, 1180), (0.779904, 1135), (0.783592, 1135), (0.783795, 1137), (0.789848, 1177), (0.812825, 1182), (0.783622, 1135), (0.80115, 1180), (0.8251, 1246), (0.792112, 1180), (0.781541, 1140), (0.845646, 1246), (0.775266, 1135), (0.776866, 1132), (0.796906, 1180), (0.788841, 1132), (0.811975, 1185), (0.839989, 1246), (0.783238, 1135), (0.786747, 1135), (0.802789, 1185), (0.791123, 1140), (0.777251, 1140), (0.804161, 1180), (0.849188, 1246), (0.771791, 1135), (0.800472, 1137), (0.787906, 1135), (0.781253, 1132), (0.778031, 1135), (0.778774, 1132), (0.786196, 1140), (0.782783, 1135), (0.86052, 1272), (0.798571, 1182), (0.795166, 1135), (0.795521, 1177), (0.792942, 1132), (0.742006, 1115), (0.801809, 1180), (0.747206, 1112), (0.78378, 1135), (0.79717, 1135), (0.800364, 1177), (0.797542, 1180), (0.782157, 1140), (0.789042, 1135), (0.808352, 1180), (0.814439, 1201), (0.795357, 1177), (0.779649, 1140), (0.807338, 1140), (0.814839, 1185), (0.798656, 1180), (0.781341, 1132), (0.819995, 1180), (0.829789, 1185), (0.859826, 1251), (0.777512, 1132), (0.785638, 1137), (0.800628, 1177), (0.795842, 1140), (0.789585, 1132), (0.785198, 1132), (0.776879, 1137), (0.809762, 1177), (0.776917, 1137), (0.792991, 1140), (0.779453, 1140), (0.783857, 1132), (0.795503, 1137), (0.794798, 1137), (0.799641, 1185), (0.801738, 1180), (0.826157, 1203), (0.879936, 1312), (0.790352, 1135), (0.802543, 1182), (0.840037, 1248), (0.826363, 1206), (0.812173, 1201), (0.784035, 1140), (0.874538, 1272), (0.805716, 1180), (0.783963, 1132), (0.785558, 1140), (0.821952, 1201), (0.757548, 1115), (0.803752, 1185), (0.773259, 1132), (0.79633, 1132), (0.787242, 1140), (0.745213, 1112), (0.78411, 1137), (0.795901, 1182), (0.789344, 1135), (0.787304, 1137), (0.789618, 1135), (0.786367, 1140), (0.805938, 1135), (0.796274, 1177), (0.804257, 1182), (0.814021, 1182), (0.818038, 1132), (0.800204, 1182), (0.792971, 1140), (0.796411, 1180), (0.80457, 1137), (0.810543, 1132), (0.782743, 1140), (0.800187, 1185), (0.760597, 1116), (0.783119, 1132), (0.814883, 1185), (0.826996, 1246), (0.777492, 1140), (0.757957, 1116), (0.847992, 1246), (0.785568, 1135), (0.787464, 1140), (0.787071, 1135), (0.795851, 1132), (0.780477, 1135), (0.786823, 1135), (0.810194, 1185), (0.80173, 1132), (0.746031, 1112), (0.778089, 1135), (0.821716, 1206), (0.778157, 1135), (0.84135, 1243), (0.842834, 1243), (0.787478, 1137), (0.794608, 1177), (0.840012, 1246), (0.843965, 1246), (0.799889, 1132), (0.789677, 1135), (0.76616, 1160), (0.78545, 1135), (0.770527, 1115), (0.786572, 1135), (0.761765, 1111), (0.786016, 1135), (0.784297, 1135), (0.784231, 1132), (0.839451, 1201), (0.790087, 1132), (0.83751, 1203), (0.797627, 1180), (0.786005, 1135), (0.85843, 1243), (0.785476, 1137), (0.822266, 1206), (0.820202, 1206), (0.793625, 1135), (0.787528, 1135), (0.785746, 1132), (0.802096, 1185), (0.790941, 1132), (0.776663, 1140), (0.826439, 1201), (0.838747, 1248), (0.800634, 1177), (0.788802, 1140), (0.786111, 1137), (0.784702, 1132), (0.786216, 1135), (0.782403, 1135), (0.783264, 1137), (0.787795, 1140), (0.82796, 1135), (0.828441, 1246), (0.78558, 1140), (0.785119, 1135), (0.805411, 1132), (0.800195, 1223), (0.791482, 1177), (0.786435, 1135), (0.782945, 1132), (0.80186, 1182), (0.787025, 1137), (0.780407, 1135), (0.78566, 1132), (0.833388, 1246), (0.79657, 1135), (0.782408, 1132), (0.757937, 1119), (0.798342, 1182), (0.77662, 1132), (0.841291, 1243), (0.81511, 1140), (0.794107, 1177), (0.827339, 1185), (0.804997, 1180), (0.787803, 1132), (0.779324, 1132), (0.788188, 1137), (0.800003, 1177), (0.845563, 1246), (0.854509, 1201), (0.781262, 1137), (0.788893, 1132), (0.7561, 1111), (0.780198, 1135), (0.784156, 1135), (0.791082, 1180), (0.783645, 1137), (0.780802, 1132), (0.881896, 1312), (0.802774, 1135), (0.824312, 1140), (0.790518, 1182), (0.748317, 1112), (0.829152, 1246), (0.767912, 1115), (0.784108, 1135), (0.783493, 1135), (0.801591, 1180), (0.799527, 1185), (0.797162, 1180), (0.802505, 1185), (0.811069, 1182), (0.834444, 1203), (0.77925, 1132), (0.841835, 1248), (0.810871, 1135), (0.800199, 1177), (0.82983, 1177), (0.789695, 1132), (0.852004, 1251), (0.784907, 1132), (0.831815, 1246), (0.836386, 1243), (0.778043, 1132), (0.80164, 1185), (0.770712, 1115), (0.781996, 1132), (0.820153, 1206), (0.786569, 1132), (0.77065, 1114), (0.79165, 1132), (0.800945, 1180), (0.816293, 1201), (0.83298, 1246), (0.764175, 1111), (0.782137, 1132), (0.756331, 1115), (0.81007, 1177), (0.804228, 1177), (0.777856, 1135), (0.798796, 1140), (0.778948, 1132), (0.787029, 1180), (0.782604, 1132), (0.800133, 1132), (0.814492, 1206), (0.775355, 1135), (0.772085, 1135)]
avg_time: 0.7938818480000001
stdev_time: 0.022749181556263858
avg_nqueries: 1159.776
stdev_nqueries: 38.14818990182327
# timeouts: 0
Benchmark('test/consensus.pyv',safety=one_leader)
[(1.103239, 730), (1.117996, 730), (1.102399, 730), (8.067995, 2581), (7.997489, 2514), (1.104544, 752), (7.839121, 2514), (8.185468, 2559), (1.063616, 727), (1.092715, 730), (1.03672, 716), (1.082632, 730), (1.102592, 752), (1.078875, 741), (8.131238, 2559), (1.123916, 752), (1.081579, 705), (8.049296, 2559), (1.086778, 741), (1.06861, 705), (1.1227, 730), (1.138599, 730), (1.115602, 730), (7.876802, 2514), (1.057128, 741), (1.131056, 730), (1.085593, 741), (1.123781, 730), (1.119689, 730), (1.09739, 727), (1.105287, 730), (8.348248, 2514), (1.12659, 752), (1.10826, 730), (7.813757, 2512), (1.085586, 741), (1.124966, 730), (1.112236, 730), (8.329234, 2514), (8.262732, 2640), (1.102952, 730), (1.080227, 730), (7.93783, 2514), (8.145887, 2535), (1.124138, 730), (1.079989, 741), (1.097381, 752), (1.118215, 730), (8.331866, 2514), (1.070981, 741), (8.02013, 2514), (8.573388, 2644), (1.108544, 752), (1.110074, 730), (1.101708, 730), (1.107552, 730), (1.08544, 741), (1.090931, 752), (1.081296, 705), (1.116407, 730), (1.109415, 730), (1.090205, 730), (1.035971, 705), (1.111125, 730), (1.062174, 741), (1.040298, 705), (1.114432, 730), (7.95462, 2559), (8.382919, 2563), (1.083733, 730), (7.209417, 2372), (9.023447, 2788), (1.09595, 730), (1.053771, 741), (1.112934, 730), (8.443503, 2563), (1.083606, 741), (1.099909, 730), (8.567154, 2559), (1.134182, 730), (1.084347, 705), (1.103804, 730), (1.11884, 730), (1.115882, 730), (1.121011, 730), (1.090515, 741), (7.860256, 2512), (1.098502, 730), (1.060441, 730), (1.09858, 730), (0.999443, 697), (1.145055, 752), (7.823692, 2514), (1.093712, 705), (1.082919, 741), (1.086467, 730), (1.112433, 741), (1.042291, 727), (8.940061, 2721), (1.10167, 730), (1.120941, 730), (8.681211, 2670), (8.24887, 2536), (1.009797, 697), (1.086088, 741), (1.148237, 730), (1.101786, 730), (1.085292, 741), (1.093018, 741), (1.095215, 741), (1.045388, 705), (1.109412, 741), (1.093629, 730), (8.318437, 2563), (1.11623, 730), (1.062622, 730), (1.093838, 705), (1.144716, 752), (1.100547, 730), (1.121087, 730), (1.121578, 730), (1.056286, 705), (8.061442, 2536), (1.108291, 730), (1.083784, 741), (1.072024, 705), (1.090781, 741), (8.059483, 2536), (1.094666, 752), (1.131749, 730), (1.049638, 730), (1.083899, 741), (1.026721, 697), (1.099388, 741), (1.072826, 705), (8.293668, 2514), (1.069214, 705), (1.086828, 741), (1.0801, 705), (8.32915, 2514), (1.066952, 705), (1.090153, 730), (1.12595, 752), (1.09023, 741), (1.079544, 705), (1.103779, 730), (1.084703, 730), (1.085302, 741), (1.123935, 730), (7.871408, 2490), (1.071216, 741), (1.104691, 741), (1.067957, 730), (1.114392, 730), (1.054228, 730), (8.339063, 2514), (1.111644, 730), (1.11056, 730), (1.081578, 741), (1.161282, 730), (1.079851, 741), (1.113169, 730), (8.366092, 2514), (1.08052, 741), (1.101558, 730), (1.116718, 741), (1.141966, 727), (1.164555, 730), None, (1.133971, 752), (1.1319, 730), (1.110504, 730), (8.342242, 2514), (1.093372, 730), (7.995687, 2536), (1.118945, 730), (1.107691, 752), (1.170622, 752), (1.113707, 730), (1.073278, 741), (1.062698, 730), (1.114411, 730), (1.123096, 752), (1.108426, 752), (1.122886, 730), (1.118138, 730), (1.130343, 730), (1.072275, 741), (1.111123, 741), (7.940736, 2512), (1.097168, 741), (1.097871, 741), (1.081725, 741), (8.101438, 2559), (1.105579, 752), (1.128555, 730), (1.069933, 727), (1.085146, 741), (1.123913, 730), (8.563241, 2563), (1.09555, 741), (8.083469, 2581), (1.106858, 730), (1.067906, 730), (1.077305, 741), (1.129178, 752), (1.122718, 730), (1.117092, 730), (8.465316, 2559), (1.115556, 730), (1.107684, 730), (8.481916, 2563), (9.097878, 2766), (8.327148, 2563), (1.118078, 730), (9.056269, 2770), (1.12215, 730), (1.022871, 697), (1.080358, 741), (1.086864, 741), (1.035887, 705), (8.005475, 2514), (1.101091, 741), (1.190763, 752), (1.06145, 730), (1.106566, 730), (1.076801, 741), (8.408337, 2563), (1.052632, 730), (1.081657, 741), (1.069407, 730), (1.138233, 730), (1.062547, 730), (8.930988, 2769), (1.110354, 730), (1.077182, 741), (1.114576, 730), (7.936987, 2514), (1.038684, 705), (1.070633, 730), (1.125038, 730), (1.116826, 730), (1.135663, 730), (1.082508, 730), (1.157767, 752), (1.112944, 730), (1.093637, 741), (1.140334, 730), (1.066489, 738), (1.092161, 741), (1.099501, 741), (8.162523, 2559), (1.116752, 730), (1.07995, 741), (1.160757, 752), (1.109517, 730), (1.106637, 730), (1.104263, 730), (1.111892, 730), (8.473232, 2585), (1.123611, 730), (8.309267, 2563), (8.184405, 2514), (1.116772, 730), (1.078631, 730), (1.098093, 730), (1.082145, 741), (1.041984, 705), (1.06675, 741), (7.898449, 2536), (1.087448, 752), (7.853872, 2514), (1.088998, 730), (1.115586, 730), (8.076533, 2559), (9.308961, 2792), (1.109878, 730), (1.114291, 730), (8.481673, 2585), (1.077937, 705), (8.21308, 2563), (1.09279, 741), (1.085526, 741), (1.092334, 730), (8.348986, 2563), (1.125778, 730), (1.096061, 741), (1.094151, 741), (1.120643, 730), (1.154722, 730), (1.118757, 730), (8.140672, 2514), (1.114552, 741), (1.08549, 741), (1.093424, 730), (1.120266, 730), (1.125777, 730), (1.1136, 752), (1.105603, 730), (8.124768, 2557), (8.230085, 2559), (8.071325, 2598), (1.032288, 705), (8.248548, 2535), (1.082245, 705), (1.105709, 730), (1.064675, 741), (1.127086, 730), (1.064565, 741), (8.07953, 2559), (1.082979, 741), (1.134066, 752), (7.98478, 2514), (1.111965, 730), (1.073758, 741), (1.146655, 741), (1.109913, 730), (1.08129, 741), (1.079724, 741), (1.131494, 730), (1.142504, 752), (8.451403, 2563), (1.080691, 741), (1.138765, 752), (1.08703, 741), (1.114334, 730), (1.101519, 741), (1.082122, 741), (8.45973, 2563), (8.654298, 2644), (1.094029, 741), (1.129114, 752), (1.109447, 741), (1.077194, 730), (1.026963, 697), (8.845333, 2743), (1.048013, 705), (8.062202, 2514), (1.104867, 730), (8.114866, 2536), (1.115713, 741), (1.137286, 741), (1.086468, 741), (8.707169, 2563), (1.130175, 752), (8.318492, 2559), (7.986148, 2514), (8.223611, 2514), (8.32061, 2581), (1.029228, 682), (1.11178, 730), (1.065715, 716), (1.117887, 730), (1.076006, 705), (8.065357, 2514), (1.132486, 730), (8.003301, 2514), (1.061402, 730), (1.131835, 730), (8.496321, 2563), (1.110134, 730), (1.116406, 730), (1.113212, 763), (1.095378, 730), (9.299732, 2721), (1.105181, 730), (9.354327, 2792), (1.099435, 730), (8.046165, 2536), (1.080649, 730), (8.292994, 2536), (7.996343, 2536), (1.124134, 730), (1.120487, 752), (8.274125, 2514), (1.14803, 752), (1.090276, 741), (1.089656, 741), (1.073676, 741), (1.071266, 705), (1.092309, 741), (1.106839, 730), (1.070507, 730), (1.12501, 730), (8.006661, 2557), (8.120279, 2536), (1.091338, 741), (1.071831, 741), (1.072611, 730), (1.093718, 705), (1.103184, 730), (1.094887, 741), (1.133059, 752), None, (1.121652, 730), (1.109187, 730), (1.074078, 741), (8.059754, 2581), (1.108969, 730), (1.073218, 705), (1.094411, 705), (1.085165, 741), (1.127917, 752), (1.126642, 752), (1.071408, 730), (1.106643, 730), (8.646937, 2585), (8.271428, 2563), (1.029236, 716), (1.031521, 705), (1.083717, 741), (1.135198, 730), (1.032772, 705), (1.087017, 741), (8.175558, 2514), (1.109583, 730), (1.134175, 752), (1.116234, 730), (7.963662, 2559), (1.126701, 730), (1.08636, 741), (1.110509, 730), (1.129362, 730), (1.102946, 730), (8.940147, 2677), (1.078535, 730), (1.072045, 741), (1.08128, 741), (1.089652, 730), (1.095905, 730), (1.074995, 730), (1.089923, 730), (1.111654, 730), (1.008439, 697), (1.114034, 730), (7.98126, 2514), (1.084882, 741), (1.084398, 763), (1.054691, 716), (1.114536, 730), (1.106068, 730), (9.328678, 2770), (8.050971, 2514), (1.127994, 730), (1.074375, 730), (8.189627, 2536), (1.093472, 741), (1.128734, 752), (1.08885, 741), (8.246617, 2610), (8.234218, 2559), (8.013142, 2598), (1.133863, 730), (1.092266, 730), (1.125621, 752), (1.016738, 697), (1.114993, 741), (1.073726, 727), (1.076966, 730), (1.097618, 730), (1.094836, 730), (1.079866, 730), (1.123469, 730), (1.118046, 730), (1.100046, 730), (1.11846, 730), (8.372365, 2614), (1.088398, 741), (1.115789, 730), (1.08329, 705), (1.05968, 741), (1.118377, 730), (1.090588, 741), (1.073664, 705), (8.143101, 2514), (1.116574, 730), (1.091768, 730), (1.103878, 741), (8.440498, 2585), (1.10251, 730), (1.126288, 730), (1.077386, 730), (1.107997, 730), (1.085507, 741), (1.112306, 730), (1.144095, 730), (1.143629, 730), (1.122398, 752), (1.050602, 705), (1.093049, 730), (1.140165, 752), (1.087073, 727), (1.070919, 705), (8.52073, 2628), (1.084681, 741), (1.029156, 697), (1.04663, 716), (1.135986, 730), (9.224561, 2770), (8.635237, 2715)]
avg_time: 2.6727402449799196
stdev_time: 2.984243236931165
avg_nqueries: 1134.5160642570281
stdev_nqueries: 762.2754409201123
# timeouts: 2
Benchmark('test/sharded-kv.pyv',safety=keys_unique)
[(0.515899, 505), (0.491437, 499), (0.539767, 527), (0.552863, 530), (0.466617, 462), (0.509894, 502), (0.564238, 524), (0.454651, 462), (0.548269, 533), (0.501255, 493), (0.500181, 493), (0.534034, 502), (0.464916, 465), (0.490453, 462), (0.506681, 493), (0.46755, 465), (0.498016, 490), (0.511504, 496), (0.508956, 502), (0.492602, 496), (0.471362, 462), (0.46349, 465), (0.507844, 499), (0.454539, 462), (0.525558, 530), (0.497478, 496), (0.470737, 465), (0.5146, 496), (0.544321, 533), (0.530135, 530), (0.514605, 493), (0.492116, 496), (0.499235, 493), (0.496597, 496), (0.5267, 496), (0.542866, 530), (0.500436, 499), (0.54752, 530), (0.516153, 496), (0.465094, 462), (0.48607, 462), (0.499695, 499), (0.50423, 499), (0.451742, 465), (0.521534, 502), (0.519587, 499), (0.501922, 499), (0.492282, 493), (0.557283, 533), (0.465645, 468), (0.509417, 502), (0.502192, 499), (0.518987, 505), (0.543875, 524), (0.511372, 499), (0.480511, 462), (0.51411, 496), (0.501241, 496), (0.466815, 468), (0.505922, 499), (0.50997, 502), (0.520336, 502), (0.548246, 524), (0.494145, 493), (0.549561, 527), (0.493178, 468), (0.506263, 499), (0.497346, 490), (0.457237, 459), (0.501235, 493), (0.476918, 471), (0.552972, 530), (0.536711, 530), (0.453333, 462), (0.490812, 493), (0.516823, 499), (0.503433, 493), (0.460629, 462), (0.535427, 527), (0.577116, 527), (0.468532, 468), (0.518193, 493), (0.558476, 530), (0.479415, 471), (0.509026, 499), (0.506274, 499), (0.478019, 465), (0.520597, 499), (0.467879, 465), (0.502465, 493), (0.462156, 462), (0.510254, 502), (0.527513, 524), (0.502794, 499), (0.511758, 502), (0.464555, 465), (0.499885, 499), (0.468802, 465), (0.526304, 502), (0.461703, 462), (0.542103, 533), (0.470428, 465), (0.509014, 499), (0.555921, 533), (0.475214, 465), (0.503835, 496), (0.507358, 499), (0.485714, 468), (0.464565, 462), (0.496208, 499), (0.526372, 524), (0.499258, 499), (0.522208, 499), (0.502852, 496), (0.473069, 462), (0.556658, 530), (0.507884, 502), (0.510196, 493), (0.552794, 533), (0.518945, 502), (0.472893, 462), (0.544581, 527), (0.469052, 462), (0.519705, 496), (0.526878, 499), (0.468449, 462), (0.466832, 462), (0.515911, 499), (0.503097, 496), (0.462286, 471), (0.465361, 459), (0.506979, 493), (0.463715, 462), (0.556794, 533), (0.440568, 459), (0.510659, 496), (0.545629, 530), (0.55917, 530), (0.503427, 493), (0.564955, 524), (0.495409, 496), (0.511891, 493), (0.469725, 462), (0.526617, 505), (0.49603, 490), (0.464194, 459), (0.467189, 465), (0.564295, 530), (0.47324, 465), (0.464047, 462), (0.484738, 465), (0.523864, 502), (0.473393, 462), (0.503435, 493), (0.463275, 459), (0.486193, 468), (0.471934, 459), (0.563599, 530), (0.519383, 502), (0.525247, 502), (0.514219, 502), (0.467895, 465), (0.558175, 530), (0.543525, 530), (0.506585, 502), (0.521441, 505), (0.500468, 496), (0.529401, 496), (0.509572, 502), (0.476164, 465), (0.551188, 524), (0.514946, 502), (0.556411, 530), (0.508402, 499), (0.48842, 468), (0.539123, 505), (0.507137, 499), (0.467274, 465), (0.573194, 530), (0.559467, 530), (0.511024, 505), (0.499869, 496), (0.526278, 505), (0.512475, 490), (0.472326, 462), (0.522086, 496), (0.518394, 496), (0.493005, 493), (0.509702, 502), (0.499778, 496), (0.515344, 496), (0.517828, 496), (0.467049, 465), (0.464261, 468), (0.476904, 471), (0.494513, 490), (0.563624, 530), (0.458886, 465), (0.466005, 465), (0.501155, 496), (0.514758, 499), (0.557293, 530), (0.504792, 493), (0.518937, 496), (0.509785, 490), (0.479368, 474), (0.516824, 496), (0.538423, 530), (0.515794, 499), (0.467121, 465), (0.467451, 462), (0.510445, 496), (0.483679, 496), (0.542167, 530), (0.521912, 505), (0.512715, 499), (0.455615, 465), (0.479141, 465), (0.567457, 530), (0.472493, 468), (0.502877, 493), (0.513545, 505), (0.50634, 493), (0.524948, 499), (0.440513, 459), (0.54473, 530), (0.559738, 533), (0.451926, 462), (0.468134, 468), (0.527683, 496), (0.557912, 527), (0.522748, 505), (0.568845, 530), (0.501246, 493), (0.467195, 465), (0.508002, 496), (0.577461, 533), (0.538503, 524), (0.506961, 496), (0.554073, 530), (0.471578, 462), (0.469351, 459), (0.547911, 533), (0.46358, 462), (0.540727, 530), (0.498963, 496), (0.50718, 496), (0.512427, 499), (0.521019, 502), (0.522714, 496), (0.517851, 499), (0.506093, 493), (0.498987, 493), (0.517701, 502), (0.473415, 465), (0.554751, 533), (0.504772, 496), (0.528591, 505), (0.496483, 493), (0.478699, 465), (0.521714, 499), (0.499906, 496), (0.476741, 465), (0.472277, 465), (0.50576, 493), (0.542812, 527), (0.511191, 499), (0.534972, 493), (0.521171, 499), (0.511926, 505), (0.481584, 471), (0.504725, 502), (0.513533, 499), (0.47225, 465), (0.524971, 502), (0.469909, 462), (0.508902, 493), (0.52158, 499), (0.509876, 496), (0.473441, 465), (0.48719, 462), (0.52748, 502), (0.462853, 462), (0.516052, 493), (0.511111, 499), (0.501096, 496), (0.503722, 499), (0.519046, 505), (0.54905, 536), (0.475831, 462), (0.519214, 496), (0.477089, 468), (0.511407, 499), (0.459906, 462), (0.545659, 524), (0.459284, 459), (0.491334, 493), (0.508604, 499), (0.51523, 499), (0.510707, 496), (0.490393, 496), (0.457301, 465), (0.554149, 530), (0.493717, 493), (0.543467, 530), (0.505094, 505), (0.528242, 499), (0.473395, 462), (0.547972, 530), (0.548023, 530), (0.54697, 533), (0.475947, 459), (0.487117, 493), (0.50337, 496), (0.481876, 465), (0.521856, 499), (0.557097, 533), (0.505915, 493), (0.552975, 524), (0.563045, 533), (0.542398, 527), (0.485432, 462), (0.509251, 496), (0.564982, 536), (0.506024, 499), (0.470846, 468), (0.50415, 493), (0.562849, 530), (0.517367, 493), (0.50026, 496), (0.569439, 527), (0.51334, 505), (0.591893, 533), (0.471847, 468), (0.468948, 465), (0.483257, 468), (0.510604, 499), (0.463811, 462), (0.471765, 462), (0.523737, 499), (0.479864, 468), (0.563833, 533), (0.474804, 465), (0.465463, 459), (0.503921, 502), (0.558411, 536), (0.467824, 465), (0.490519, 465), (0.514451, 499), (0.560057, 524), (0.475851, 468), (0.479747, 468), (0.476931, 462), (0.476043, 465), (0.499205, 499), (0.509575, 496), (0.524219, 502), (0.476883, 471), (0.521415, 493), (0.48552, 468), (0.532049, 508), (0.473175, 468), (0.512022, 499), (0.51816, 502), (0.554982, 533), (0.561517, 533), (0.499274, 493), (0.508504, 493), (0.564506, 533), (0.476372, 468), (0.497779, 496), (0.50361, 499), (0.515581, 493), (0.476247, 462), (0.565446, 530), (0.51078, 496), (0.541376, 527), (0.481805, 490), (0.513938, 493), (0.542687, 493), (0.507062, 499), (0.534271, 527), (0.544579, 530), (0.476705, 462), (0.505026, 496), (0.468059, 468), (0.552346, 530), (0.524819, 499), (0.54572, 527), (0.477873, 468), (0.506107, 499), (0.51248, 502), (0.494505, 493), (0.51978, 502), (0.53815, 530), (0.514854, 496), (0.546742, 502), (0.549764, 533), (0.456315, 462), (0.532407, 505), (0.480826, 462), (0.507455, 502), (0.479974, 471), (0.476279, 465), (0.474475, 468), (0.542717, 530), (0.564537, 533), (0.509737, 496), (0.503838, 496), (0.511543, 496), (0.471691, 462), (0.469178, 465), (0.474056, 465), (0.512415, 505), (0.512489, 496), (0.509322, 499), (0.51456, 502), (0.506485, 496), (0.513842, 496), (0.478765, 465), (0.475918, 465), (0.50889, 499), (0.509586, 499), (0.48125, 462), (0.513684, 499), (0.520108, 499), (0.514201, 496), (0.467424, 465), (0.499059, 493), (0.500944, 499), (0.512193, 502), (0.460529, 462), (0.476879, 465), (0.532976, 524), (0.516732, 493), (0.490617, 490), (0.48262, 465), (0.548574, 530), (0.508713, 502), (0.551799, 530), (0.523021, 493), (0.555578, 536), (0.544638, 527), (0.505956, 502), (0.556615, 530), (0.550811, 527), (0.513398, 505), (0.535299, 530), (0.51989, 505), (0.51229, 493), (0.517014, 505), (0.480143, 465), (0.562305, 533), (0.470949, 462), (0.547531, 533), (0.504816, 496), (0.549619, 527), (0.511876, 499), (0.529513, 499), (0.50851, 496), (0.519719, 499), (0.518404, 496), (0.513872, 493), (0.471215, 474), (0.570316, 536), (0.495023, 490), (0.558259, 533), (0.508488, 496), (0.514594, 499), (0.505835, 499), (0.558928, 527), (0.563847, 536), (0.564283, 533), (0.51729, 505), (0.56788, 533), (0.463055, 465), (0.480289, 468), (0.497473, 496), (0.536771, 527), (0.556692, 536), (0.479169, 462), (0.461232, 462), (0.564761, 527), (0.512695, 496), (0.476821, 465), (0.482798, 468), (0.464287, 465), (0.546465, 527), (0.505795, 496), (0.504656, 499), (0.504068, 493), (0.509649, 496), (0.510491, 502), (0.515493, 499), (0.498571, 493), (0.466521, 462), (0.558271, 524), (0.484069, 468), (0.551386, 530), (0.471545, 468)]
avg_time: 0.508147496
stdev_time: 0.030461570818844635
avg_nqueries: 495.026
stdev_nqueries: 23.347795680240406
# timeouts: 0
Benchmark('test/ring.pyv',safety=one_leader)
[(4.286548, 824), (0.762207, 271), (4.011227, 747), (4.076124, 760), (0.767578, 268), (0.80224, 271), (0.781275, 280), (5.660235, 890), (0.789528, 270), None, (7.297195, 910), (8.536952, 1431), (6.626155, 847), (0.774879, 280), None, (0.753482, 269), (0.78, 270), (7.696724, 1010), None, (3.946273, 765), (5.197331, 1009), (3.551113, 710), (0.765551, 268), (0.784582, 280), (3.63911, 711), (0.7546, 269), None, (3.616424, 741), None, (8.686373, 1471), None, (7.212348, 928), (0.81252, 270), (0.790082, 280), (0.7947, 270), (0.793179, 270), (3.968962, 746), (0.774475, 271), (8.047377, 1038), (0.78077, 270), (0.768967, 269), (3.658365, 735), (0.789325, 271), (3.659768, 735), (0.788263, 270), (0.813926, 270), (0.796658, 270), (0.79402, 271), (7.602123, 931), (0.745098, 278), (0.794912, 271), (7.274211, 875), (3.984254, 747), (0.806477, 270), (3.530559, 711), (0.803291, 280), (0.75337, 278), (0.783067, 271), (7.154582, 918), (0.746288, 278), (0.809526, 270), (0.808971, 280), (4.142196, 760), None, (0.781557, 270), (3.893577, 744), (6.962377, 1253), None, None, None, (0.778061, 268), (0.76611, 268), (0.764937, 278), (3.242409, 716), (0.825542, 280), (0.783522, 270), (0.809964, 280), (8.350014, 1474), (0.796757, 270), None, None, (0.776593, 271), (0.766678, 271), (0.784058, 271), (0.780684, 270), None, (7.117668, 878), (0.818361, 270), (0.830896, 280), None, (7.471531, 920), None, None, (7.379622, 921), None, (0.820169, 280), (8.577299, 1295), (0.736758, 269), (0.803894, 271), None, (0.784693, 271), (0.78924, 278), None, (0.799855, 270), (0.785602, 268), (0.814878, 268), None, (4.988519, 808), (0.785985, 278), (0.772496, 268), None, (4.20661, 793), (0.76819, 269), (7.665447, 931), (3.49646, 697), (3.599633, 713), (5.454037, 844), (7.834395, 1010), (7.997654, 1024), (8.27553, 1434), (0.798149, 268), (0.798482, 280), None, (7.889122, 1007), (0.762865, 269), (3.986621, 749), (0.763694, 268), (7.144796, 897), (7.63307, 966), (0.798091, 271), (4.350311, 763), (4.164305, 807), (0.76011, 278), (3.573251, 730), None, (0.754045, 269), (0.790967, 271), (0.788478, 271), (0.808839, 280), None, (5.069602, 832), (0.760055, 268), (7.054119, 896), (0.778924, 270), (0.742495, 278), None, (5.940163, 913), (0.750205, 278), (0.789281, 280), (0.806313, 270), (0.807362, 271), None, (0.796375, 270), (7.442854, 929), (0.773449, 271), (3.833999, 760), (0.787443, 270), (5.494517, 888), None, (3.967274, 733), (4.159821, 772), (0.746052, 269), None, None, (0.741727, 278), (0.759332, 278), None, (0.783928, 269), (5.604794, 846), (0.809547, 270), (0.805415, 280), (7.470075, 932), (5.52999, 863), (7.093449, 866), (3.777242, 724), (0.740435, 268), (3.74172, 734), (0.777427, 278), (0.787764, 271), (0.772155, 280), (0.752162, 268), (0.772513, 270), (0.746414, 271), (0.790587, 270), (0.796311, 270), (7.531051, 931), (3.983835, 768), (0.817253, 270), (0.806001, 271), (3.625214, 710), None, (2.833277, 669), (7.446123, 975), (3.821599, 747), (0.753586, 269), (5.07712, 791), (6.322992, 816), (0.769173, 270), (8.983014, 1465), None, (0.822755, 280), (0.74008, 278), (0.779854, 280), (8.0947, 1344), (7.541516, 954), None, (3.78618, 733), (3.040489, 681), (0.780121, 270), (3.781907, 733), (8.210972, 1465), (0.73627, 269), (0.773268, 280), (0.772977, 269), None, (8.825982, 1577), (7.530433, 942), (7.745049, 976), (3.750021, 733), (6.98995, 919), (0.721046, 268), (0.782732, 268), (0.752849, 268), (0.774605, 269), (7.378693, 913), (7.399222, 935), (0.780757, 270), (0.82353, 280), (3.808305, 735), (5.338934, 824), (0.746951, 278), (0.823743, 268), None, (0.787683, 280), (0.798749, 270), (5.650266, 919), (0.788511, 270), (8.563752, 1436), (0.812719, 280), (0.748974, 278), (8.972257, 1546), (3.929124, 768), (0.763476, 278), (0.817623, 280), (0.748212, 278), (0.772917, 271), (7.356957, 954), (7.534841, 968), (0.78303, 280), (7.079918, 1168), (0.769289, 268), (0.756721, 271), (0.804245, 278), None, (0.744125, 268), (0.786213, 269), (0.762848, 271), (3.737519, 732), None, None, (0.781979, 278), None, (0.79145, 280), (7.000305, 866), (0.72836, 278), (0.765701, 269), (0.748708, 278), (0.788977, 278), (6.06669, 917), None, (0.744051, 268), (3.811865, 749), None, (0.740179, 268), (3.791275, 711), (3.334067, 678), (0.787869, 278), (0.787613, 271), None, (0.786907, 280), (0.774339, 280), None, (7.280067, 913), (0.739509, 278), (8.79392, 1476), (0.776441, 270), (9.169598, 1476), (3.83186, 768), (9.273659, 1506), (4.877498, 787), (0.79747, 270), (0.772345, 278), (0.716923, 278), (0.763723, 278), (0.777544, 280), (7.716292, 968), (0.763059, 278), (0.768111, 269), (0.794242, 269), (0.802031, 270), None, (0.752635, 278), (7.754791, 951), (5.422945, 841), (0.804892, 280), (5.10802, 810), (0.759565, 278), (0.765054, 270), None, (9.254043, 1547), (7.137872, 886), (3.916371, 768), None, (0.778443, 270), (0.817087, 280), (0.815904, 270), (0.769244, 271), None, (4.306375, 838), (0.761339, 280), (0.76292, 280), (0.82905, 270), (0.790669, 270), (3.613281, 713), (0.802842, 270), (0.793822, 271), (0.768117, 278), (0.819091, 270), None, (0.812425, 271), (5.770936, 843), None, (3.701366, 733), (0.754978, 268), (7.881275, 1291), (0.785622, 270), (0.774863, 269), (0.740431, 269), (5.337702, 843), (3.865763, 747), None, (0.815964, 280), (0.770199, 280), (0.763334, 269), (0.751342, 271), (7.365423, 918), (5.261745, 832), (7.294474, 921), (0.751183, 278), (0.775318, 270), (7.752757, 1392), (3.691634, 743), (0.76651, 268), (0.798311, 270), (4.475955, 807), (0.81988, 270), (0.825904, 280), (0.759578, 278), (3.627754, 730), (3.532964, 680), (0.742868, 269), (0.759601, 269), (0.783301, 268), (0.807784, 270), None, (0.777471, 270), (0.752048, 278), (4.011015, 725), (0.775835, 268), None, (0.817926, 270), (0.776906, 268), (0.764424, 280), (7.368984, 932), (0.815095, 270), (0.765426, 278), (3.510905, 723), None, (0.781282, 271), (0.796006, 280), (4.249706, 822), (0.802777, 278), (7.081383, 1292), None, None, None, (0.72991, 278), (0.747132, 269), (0.762264, 280), (6.940231, 908), (7.200988, 899), (0.79826, 280), (3.626693, 723), (0.784173, 271), (5.195496, 809), (3.636881, 732), (3.931138, 768), (8.406341, 1408), (3.825094, 704), (0.798003, 280), (7.548806, 952), (4.242666, 807), (0.764416, 270), (7.64828, 946), (3.663284, 735), None, (0.842289, 270), None, (0.802277, 280), (9.423018, 1531), (0.778869, 270), (0.819246, 280), (0.796882, 270), (0.768017, 280), None, (0.810721, 280), (0.779653, 271), None, (7.232333, 934), (7.010966, 899), (0.753255, 278), (0.77203, 280), (0.708035, 278), None, (0.794351, 270), (0.759704, 280), (8.70681, 1301), (0.760799, 270), (0.764152, 278), (0.824587, 271), (0.795139, 271), (0.756685, 280), (0.809648, 270), (0.808511, 280), (0.756592, 268), None, (7.529298, 953), (0.802306, 270), (3.916461, 768), (0.791196, 280), None, (0.753243, 278), (7.645953, 932), (0.813398, 271), None, (7.109848, 884), (7.020761, 884), (3.795263, 733), (0.754588, 268), (0.770022, 278), (0.760152, 280), (3.90666, 768), (4.890485, 889), (7.185618, 921), (7.025022, 935), (0.77377, 271), (0.805414, 270), (8.133725, 1277), (5.366917, 798), None, (0.773157, 270), None, (0.804993, 270), (7.810853, 1332), (0.762917, 280), (3.891405, 744), (7.305138, 973), (3.663367, 711), (0.754187, 278), (0.830997, 270), (3.932353, 727), (0.796053, 280), (0.774736, 278), (0.739454, 268), (3.850317, 735), (8.839503, 1385), (0.782151, 278), None, (0.785799, 280), (0.787973, 270), (3.86692, 727), (0.76858, 268), (0.773006, 270), (7.834186, 968), (8.655363, 1349), (0.78803, 270), (0.792425, 269), (3.694236, 747), (0.785136, 270), (0.77816, 268), (8.500107, 1387), (9.016873, 1476), None, (0.822652, 280), (8.036746, 1274), (8.240604, 1268), (5.402245, 841), (0.779344, 270), None, None]
avg_time: 2.8909935
stdev_time: 2.8092285624924402
avg_nqueries: 543.1976744186046
stdev_nqueries: 357.01344772904696
# timeouts: 70
