python3 benchmark.py -n 50 -j 4 --timeout 120 --pin-cores --benchmark test/lockserv.pyv test/lockserv_multi_view.pyv --keep-logs logs/181107-173508-phase-simpl-min --args --automaton --simplify-diagram --minimize-models
dump_version_info: dumping information about the current commit and working directory
c073a1c7ef9d45814aefe2c62577f495151e8605
On branch master
Your branch is up-to-date with 'origin/master'.
Untracked files:
  (use "git add <file>..." to include in what will be committed)

	logs/181107-160954-updr/
	logs/181107-163213-phase/
	logs/181107-165707-phase-cores/
	logs/181107-171322-phase-min/
	logs/181107-172127-phase-min-cores/
	logs/181107-172839-phase-simpl/
	logs/181107-173137-phase-simpl-cores/
	logs/181107-173508-phase-simpl-min/
	tmp.sh

nothing added to commit but untracked files present (use "git add" to track)
dump_version_info: done.
--------------------------------------------------------------------------------
Benchmark('test/lockserv.pyv',safety=mutex)
[(0.591387, 1417), (0.59066, 1417), (0.592416, 1417), (0.596551, 1417), (0.587326, 1417), (0.595402, 1417), (0.591683, 1417), (0.596651, 1417), (0.590087, 1417), (0.593373, 1417), (0.60744, 1417), (0.58953, 1417), (0.592161, 1417), (0.602553, 1417), (0.590615, 1417), (0.607438, 1417), (0.594516, 1417), (0.621592, 1417), (0.594996, 1417), (0.591371, 1417), (0.598033, 1417), (0.605159, 1417), (0.589916, 1417), (0.596254, 1417), (0.602492, 1417), (0.596184, 1417), (0.592576, 1417), (0.59815, 1417), (0.592746, 1417), (0.59127, 1417), (0.592234, 1417), (0.598541, 1417), (0.597148, 1417), (0.594178, 1417), (0.595592, 1417), (0.609964, 1417), (0.596335, 1417), (0.595773, 1417), (0.594947, 1417), (0.58929, 1417), (0.595642, 1417), (0.602644, 1417), (0.5924, 1417), (0.600774, 1417), (0.595637, 1417), (0.594689, 1417), (0.605715, 1417), (0.604629, 1417), (0.586802, 1417), (0.588744, 1417)]
avg_time: 0.59624412
stdev_time: 0.006604885197723122
avg_nqueries: 1417
stdev_nqueries: 0.0
# timeouts: 0
Benchmark('test/lockserv_multi_view.pyv')
[(1.042999, 2269), (1.074535, 2273), (1.064186, 2275), (1.072141, 2273), (1.040666, 2267), (1.068794, 2273), (1.055503, 2271), (1.060451, 2270), (1.059764, 2273), (1.081472, 2277), (1.090107, 2273), (1.055225, 2271), (1.082413, 2274), (1.062064, 2272), (1.071784, 2275), (1.072241, 2269), (1.063634, 2274), (1.100933, 2279), (1.064151, 2272), (1.08432, 2273), (1.05193, 2269), (1.086011, 2276), (1.09291, 2275), (1.067505, 2272), (1.069294, 2273), (1.082009, 2273), (1.087982, 2276), (1.066588, 2269), (1.064574, 2270), (1.060504, 2273), (1.086743, 2276), (1.120286, 2277), (1.062996, 2274), (1.057613, 2273), (1.081677, 2288), (1.083602, 2274), (1.079803, 2273), (1.060953, 2271), (1.084185, 2272), (1.056035, 2270), (1.085373, 2273), (1.068307, 2276), (1.075488, 2276), (1.063861, 2272), (1.085555, 2272), (1.07061, 2273), (1.105067, 2307), (1.103239, 2278), (1.068999, 2273), (1.037528, 2274)]
avg_time: 1.0726922
stdev_time: 0.01657969134027456
avg_nqueries: 2274.02
stdev_nqueries: 5.765803482249318
# timeouts: 0
