python3 benchmark.py -n 50 -j 4 --timeout 120 --pin-cores --benchmark test/lockserv.pyv test/lockserv_multi_view.pyv --keep-logs logs/181107-173137-phase-simpl-cores --args --automaton --simplify-diagram --use-z3-unsat-core
dump_version_info: dumping information about the current commit and working directory
c073a1c7ef9d45814aefe2c62577f495151e8605
On branch master
Your branch is up-to-date with 'origin/master'.
Untracked files:
  (use "git add <file>..." to include in what will be committed)

	logs/181107-160954-updr/
	logs/181107-163213-phase/
	logs/181107-165707-phase-cores/
	logs/181107-171322-phase-min/
	logs/181107-172127-phase-min-cores/
	logs/181107-172839-phase-simpl/
	logs/181107-173137-phase-simpl-cores/
	tmp.sh

nothing added to commit but untracked files present (use "git add" to track)
dump_version_info: done.
--------------------------------------------------------------------------------
Benchmark('test/lockserv.pyv',safety=mutex)
[(0.444718, 971), (0.454154, 971), (0.446532, 971), (0.445703, 971), (0.447739, 971), (0.445292, 971), (0.44867, 971), (0.449004, 971), (0.444959, 971), (0.456396, 971), (0.449725, 971), (0.447419, 971), (0.445997, 971), (0.465084, 971), (0.445711, 971), (0.44939, 971), (0.453272, 971), (0.44626, 971), (0.464865, 971), (0.452737, 971), (0.450624, 971), (0.448204, 971), (0.448835, 971), (0.447441, 971), (0.451327, 971), (0.456285, 971), (0.457159, 971), (0.448077, 971), (0.448365, 971), (0.450954, 971), (0.44775, 971), (0.455626, 971), (0.452159, 971), (0.448063, 971), (0.443588, 971), (0.449407, 971), (0.453227, 971), (0.462875, 971), (0.44675, 971), (0.449387, 971), (0.453932, 971), (0.449832, 971), (0.44738, 971), (0.446936, 971), (0.471733, 971), (0.454959, 971), (0.466487, 971), (0.456533, 971), (0.441804, 971), (0.442351, 971)]
avg_time: 0.45103354
stdev_time: 0.006380245194603834
avg_nqueries: 971
stdev_nqueries: 0.0
# timeouts: 0
Benchmark('test/lockserv_multi_view.pyv')
[(25.223679, 13319), (24.993549, 12835), (25.852533, 14544), (0.838892, 1401), (14.896193, 10017), (16.83604, 10649), (25.232919, 13097), (18.306558, 11145), (18.479687, 11287), (15.56439, 9924), (20.188352, 11521), (15.918989, 10248), (0.826371, 1359), (11.381291, 8390), (17.580933, 10692), (0.913163, 1401), (0.97276, 1402), (0.958004, 1359), (23.461168, 12643), (13.766163, 9547), (17.68626, 11267), (25.944721, 13249), (1.062845, 1426), (28.137275, 13708), (0.830712, 1401), (0.871912, 1359), (0.993713, 1402), (0.920487, 1359), (19.160525, 11469), (17.647711, 10948), (0.994605, 1385), (0.911015, 1359), (1.000918, 1359), (21.284233, 11767), (15.442139, 10104), (16.971157, 11226), (19.748572, 12096), (19.365595, 11596), (14.614194, 9611), (0.929752, 1359), (4.430979, 2975), (14.492158, 9797), (15.574077, 10654), (0.875672, 1385), (23.453009, 12925), (19.231337, 11956), (20.076023, 11932), (51.794506, 20028), (14.99455, 10167), (24.225977, 13309)]
avg_time: 14.11716526
stdev_time: 10.673089154884474
avg_nqueries: 8427.16
stdev_nqueries: 5099.213666311099
# timeouts: 0
