python3 benchmark.py -n 50 -j 4 --timeout 120 --pin-cores --benchmark test/lockserv.pyv test/lockserv_multi_view.pyv --keep-logs logs/181107-172839-phase-simpl --args --automaton --simplify-diagram
dump_version_info: dumping information about the current commit and working directory
c073a1c7ef9d45814aefe2c62577f495151e8605
On branch master
Your branch is up-to-date with 'origin/master'.
Untracked files:
  (use "git add <file>..." to include in what will be committed)

	logs/181107-160954-updr/
	logs/181107-163213-phase/
	logs/181107-165707-phase-cores/
	logs/181107-171322-phase-min/
	logs/181107-172127-phase-min-cores/
	logs/181107-172839-phase-simpl/
	tmp.sh

nothing added to commit but untracked files present (use "git add" to track)
dump_version_info: done.
--------------------------------------------------------------------------------
Benchmark('test/lockserv.pyv',safety=mutex)
[(0.509084, 1080), (0.508528, 1080), (0.508171, 1080), (0.519355, 1080), (0.510143, 1080), (0.516767, 1080), (0.5167, 1080), (0.533669, 1080), (0.511975, 1080), (0.51551, 1080), (0.508634, 1080), (0.554576, 1080), (0.51137, 1080), (0.518202, 1080), (0.512134, 1080), (0.515255, 1080), (0.532412, 1080), (0.533835, 1080), (0.518175, 1080), (0.540313, 1080), (0.505609, 1080), (0.513547, 1080), (0.513522, 1080), (0.515395, 1080), (0.515952, 1080), (0.516096, 1080), (0.514064, 1080), (0.514142, 1080), (0.518751, 1080), (0.519892, 1080), (0.533434, 1080), (0.518693, 1080), (0.517489, 1080), (0.51597, 1080), (0.543524, 1080), (0.512935, 1080), (0.533629, 1080), (0.522161, 1080), (0.514865, 1080), (0.512999, 1080), (0.53771, 1080), (0.539604, 1080), (0.515446, 1080), (0.527987, 1080), (0.520503, 1080), (0.512618, 1080), (0.521454, 1080), (0.512656, 1080), (0.511701, 1080), (0.523144, 1080)]
avg_time: 0.519806
stdev_time: 0.01058286938058533
avg_nqueries: 1080
stdev_nqueries: 0.0
# timeouts: 0
Benchmark('test/lockserv_multi_view.pyv')
[(0.984159, 1928), (2.729439, 3287), (17.537616, 13151), (1.211909, 2017), (1.083865, 1922), (1.084829, 1963), (2.978291, 3465), (16.986751, 13888), (2.474673, 3155), (1.249708, 2024), (2.043038, 2739), (17.739343, 13692), (5.114787, 4566), (1.169909, 2024), (1.150851, 1985), (2.570774, 3287), (1.162319, 2041), (13.612215, 12020), (19.554295, 15332), (1.111292, 1941), (1.27433, 1971), (1.260821, 2047), (1.05122, 1929), (15.303465, 13493), (1.385134, 2124), (19.261246, 14615), (1.159037, 1953), (1.130924, 1947), (1.208778, 1940), (19.914607, 14277), (1.722082, 2400), (1.323774, 2107), (1.064381, 1923), (1.008065, 1940), (1.185926, 1982), None, (1.101231, 1922), (3.223259, 3860), (1.014831, 1910), (21.095232, 15616), (17.827711, 13729), (18.29337, 13952), (1.101377, 1934), (1.131462, 1947), (63.080705, 24484), (1.336169, 2047), (19.823005, 14746), (1.09671, 1911), (1.089922, 1929), (1.183929, 1933)]
avg_time: 6.840872775510205
stdev_time: 10.961194674688837
avg_nqueries: 5612.142857142857
stdev_nqueries: 5835.592140048857
# timeouts: 1
