python3 benchmark.py -n 500 -j 4 --timeout 10 --pin-cores --keep-logs logs/181106-154526-updr
dump_version_info: dumping information about the current commit and working directory
e70a97819433a9321dc4ec307704b1da3aa7dc7c
On branch master
Your branch is ahead of 'origin/master' by 2 commits.
  (use "git push" to publish your local commits)
Untracked files:
  (use "git add <file>..." to include in what will be committed)

	logs/181106-154526-updr/
	tmp.sh

nothing added to commit but untracked files present (use "git add" to track)
dump_version_info: done.
--------------------------------------------------------------------------------
Benchmark('test/lockserv.pyv',safety=mutex)
[(0.474479, 830), (0.489179, 870), (0.488423, 870), (0.512142, 873), (0.475298, 830), (0.477007, 830), (0.488992, 870), (0.479054, 833), (0.485278, 830), (0.48518, 870), (0.48165, 830), (0.478927, 833), (0.49147, 873), (0.499415, 833), (0.481235, 830), (0.484959, 870), (0.478236, 833), (0.475504, 830), (0.47487, 833), (0.472464, 830), (0.493851, 870), (0.503256, 873), (0.476698, 833), (0.479922, 833), (0.481119, 833), (0.476651, 833), (0.473591, 830), (0.49134, 873), (0.490438, 873), (0.479789, 833), (0.470888, 830), (0.482879, 833), (0.479859, 833), (0.480128, 833), (0.490203, 830), (0.495882, 873), (0.479871, 833), (0.481347, 833), (0.476441, 833), (0.486179, 870), (0.492864, 873), (0.490582, 870), (0.481801, 833), (0.507911, 870), (0.475178, 830), (0.484801, 870), (0.481191, 830), (0.479234, 833), (0.482338, 833), (0.479794, 830), (0.486632, 833), (0.49477, 873), (0.480156, 830), (0.478747, 833), (0.483634, 833), (0.506695, 870), (0.482393, 830), (0.475501, 830), (0.494026, 870), (0.478179, 830), (0.510329, 873), (0.496549, 870), (0.48473, 833), (0.479531, 833), (0.487366, 830), (0.474919, 830), (0.482279, 833), (0.475663, 833), (0.490891, 830), (0.48476, 833), (0.481126, 833), (0.490965, 833), (0.494373, 833), (0.500936, 830), (0.479002, 830), (0.494293, 873), (0.479067, 833), (0.489712, 870), (0.485334, 833), (0.481245, 830), (0.491529, 833), (0.494317, 830), (0.484085, 833), (0.496436, 833), (0.482135, 830), (0.48295, 833), (0.478896, 830), (0.480172, 830), (0.495697, 873), (0.491686, 870), (0.474573, 830), (0.494584, 873), (0.483553, 833), (0.506605, 873), (0.486814, 833), (0.492816, 873), (0.492994, 870), (0.493022, 873), (0.476515, 833), (0.482546, 830), (0.500864, 833), (0.482326, 833), (0.478158, 830), (0.481743, 830), (0.481072, 833), (0.487303, 833), (0.498221, 870), (0.496634, 873), (0.48575, 833), (0.480859, 830), (0.480647, 833), (0.495533, 873), (0.484191, 833), (0.494953, 833), (0.480676, 833), (0.495313, 833), (0.4833, 833), (0.482558, 833), (0.477881, 830), (0.482969, 833), (0.494767, 830), (0.484142, 830), (0.48751, 833), (0.483992, 833), (0.49586, 873), (0.488897, 870), (0.494361, 870), (0.498505, 873), (0.480339, 833), (0.492422, 873), (0.477988, 830), (0.483026, 833), (0.47807, 830), (0.488857, 833), (0.489001, 830), (0.48603, 833), (0.493213, 830), (0.48144, 830), (0.483669, 830), (0.498953, 873), (0.499842, 873), (0.490375, 830), (0.49494, 870), (0.483191, 833), (0.496393, 870), (0.480196, 833), (0.489764, 830), (0.484186, 833), (0.50078, 833), (0.503849, 873), (0.482197, 830), (0.497451, 873), (0.484503, 833), (0.482785, 830), (0.48131, 830), (0.504644, 833), (0.50056, 833), (0.480729, 830), (0.476675, 830), (0.504032, 830), (0.496591, 830), (0.485794, 830), (0.493643, 870), (0.500766, 873), (0.483892, 833), (0.484116, 833), (0.47865, 830), (0.485708, 830), (0.501743, 833), (0.479281, 833), (0.49979, 873), (0.487675, 833), (0.499675, 873), (0.49306, 870), (0.502939, 830), (0.49961, 833), (0.492903, 870), (0.476428, 830), (0.481662, 833), (0.492539, 830), (0.484346, 833), (0.489247, 870), (0.522404, 873), (0.499261, 873), (0.478719, 830), (0.478626, 833), (0.479537, 833), (0.501193, 873), (0.479271, 833), (0.497747, 873), (0.494538, 870), (0.500719, 873), (0.493115, 833), (0.510037, 870), (0.490717, 830), (0.486695, 830), (0.480087, 830), (0.478445, 830), (0.505213, 873), (0.48652, 833), (0.481971, 833), (0.50732, 830), (0.480286, 830), (0.507559, 870), (0.482561, 833), (0.483842, 833), (0.480837, 830), (0.488486, 830), (0.48407, 830), (0.493296, 873), (0.47982, 830), (0.493081, 833), (0.486945, 830), (0.492938, 870), (0.484813, 830), (0.501016, 830), (0.494687, 870), (0.481183, 830), (0.494796, 870), (0.500437, 870), (0.493596, 830), (0.482535, 833), (0.511361, 870), (0.498407, 873), (0.489926, 833), (0.478379, 833), (0.484833, 830), (0.488501, 833), (0.481049, 830), (0.480395, 833), (0.479183, 830), (0.491527, 830), (0.497073, 873), (0.483758, 833), (0.49951, 833), (0.50064, 873), (0.497229, 873), (0.478732, 830), (0.484114, 833), (0.488543, 833), (0.487169, 833), (0.499862, 830), (0.487887, 833), (0.478616, 830), (0.495468, 873), (0.480949, 830), (0.485959, 833), (0.486646, 830), (0.493593, 833), (0.47756, 830), (0.489361, 833), (0.49993, 870), (0.48474, 833), (0.493134, 870), (0.492233, 870), (0.488668, 830), (0.481885, 830), (0.494186, 870), (0.485291, 833), (0.489393, 833), (0.495388, 833), (0.479679, 830), (0.497232, 873), (0.488117, 833), (0.490699, 833), (0.487685, 833), (0.506159, 873), (0.49635, 830), (0.492975, 870), (0.482156, 830), (0.479269, 830), (0.489476, 830), (0.497314, 873), (0.489818, 870), (0.49962, 873), (0.500402, 830), (0.488245, 833), (0.498235, 873), (0.482266, 833), (0.489277, 833), (0.483888, 833), (0.491859, 873), (0.501279, 873), (0.491034, 833), (0.479703, 833), (0.488349, 870), (0.496561, 870), (0.497636, 873), (0.494821, 873), (0.477252, 830), (0.496705, 873), (0.499364, 873), (0.490749, 870), (0.475978, 830), (0.519806, 833), (0.504323, 830), (0.501867, 873), (0.478764, 830), (0.511533, 870), (0.521598, 873), (0.487123, 833), (0.489996, 870), (0.510439, 873), (0.505683, 873), (0.489858, 870), (0.483534, 833), (0.497771, 873), (0.49067, 833), (0.482171, 830), (0.493257, 873), (0.488188, 833), (0.504212, 873), (0.49419, 873), (0.47631, 833), (0.503238, 873), (0.489709, 833), (0.484052, 833), (0.48153, 830), (0.480224, 833), (0.511631, 873), (0.48123, 830), (0.507492, 870), (0.494193, 873), (0.494221, 833), (0.479365, 833), (0.482383, 833), (0.485785, 833), (0.502052, 873), (0.484118, 830), (0.49346, 873), (0.483077, 830), (0.491284, 833), (0.495006, 873), (0.505189, 870), (0.498963, 830), (0.491874, 833), (0.48518, 833), (0.480808, 830), (0.484154, 833), (0.489168, 833), (0.496689, 870), (0.499878, 833), (0.483841, 830), (0.500724, 870), (0.482214, 833), (0.482596, 830), (0.495183, 830), (0.500057, 870), (0.480941, 830), (0.485782, 833), (0.484796, 833), (0.491709, 830), (0.493684, 873), (0.500797, 870), (0.491279, 833), (0.502216, 873), (0.498248, 873), (0.480678, 833), (0.481222, 830), (0.496746, 833), (0.486224, 830), (0.496242, 873), (0.499769, 873), (0.491057, 833), (0.486807, 830), (0.496475, 833), (0.480944, 833), (0.509733, 833), (0.487704, 833), (0.502487, 873), (0.496152, 873), (0.48812, 833), (0.501144, 873), (0.484771, 830), (0.495709, 873), (0.506813, 830), (0.487855, 833), (0.484188, 833), (0.482741, 830), (0.500516, 870), (0.492937, 833), (0.485679, 833), (0.485721, 830), (0.503691, 870), (0.495987, 873), (0.482548, 830), (0.482248, 830), (0.496986, 833), (0.498708, 873), (0.48385, 833), (0.484833, 830), (0.492513, 830), (0.496739, 870), (0.497808, 873), (0.506074, 873), (0.495566, 830), (0.482065, 830), (0.498393, 873), (0.484247, 833), (0.488677, 830), (0.493536, 870), (0.50983, 870), (0.505183, 873), (0.495761, 833), (0.500982, 873), (0.483769, 830), (0.481532, 830), (0.508046, 833), (0.500945, 873), (0.500834, 873), (0.481755, 833), (0.495469, 830), (0.496102, 873), (0.505586, 830), (0.488532, 830), (0.507694, 833), (0.484532, 833), (0.486799, 833), (0.499839, 873), (0.492245, 833), (0.488935, 833), (0.487235, 833), (0.486256, 833), (0.490019, 833), (0.496672, 870), (0.520175, 873), (0.499727, 873), (0.493066, 830), (0.492288, 870), (0.480844, 830), (0.491712, 833), (0.49072, 830), (0.481051, 833), (0.484451, 830), (0.496793, 830), (0.488136, 830), (0.496912, 870), (0.489244, 830), (0.494499, 870), (0.492269, 830), (0.485741, 830), (0.495999, 870), (0.48645, 830), (0.489837, 830), (0.482434, 833), (0.505941, 870), (0.492563, 833), (0.495633, 833), (0.499611, 873), (0.48315, 833), (0.487676, 833), (0.492985, 833), (0.488981, 833), (0.499424, 870), (0.50073, 870), (0.523037, 873), (0.483469, 830), (0.485389, 833), (0.484896, 833), (0.489089, 833), (0.495155, 830), (0.500594, 873), (0.493796, 830), (0.490572, 830), (0.494757, 873), (0.484336, 830), (0.489135, 833), (0.502984, 873), (0.489519, 833), (0.499689, 870), (0.491299, 833), (0.491059, 833), (0.485279, 833), (0.493105, 833), (0.486221, 830), (0.489225, 833), (0.482877, 830), (0.484756, 833), (0.499134, 870), (0.494117, 833), (0.515826, 873), (0.500688, 873), (0.489699, 833), (0.502931, 870), (0.482561, 830), (0.487463, 833), (0.487475, 830), (0.487297, 830), (0.47741, 830), (0.488151, 830), (0.498023, 870), (0.49016, 830), (0.499862, 870), (0.49824, 870), (0.494126, 870), (0.488965, 830), (0.480799, 833), (0.486351, 833), (0.489493, 833), (0.489232, 873)]
avg_time: 0.490184338
stdev_time: 0.009141302019788536
avg_nqueries: 844.868
stdev_nqueries: 18.915129930311373
# timeouts: 0
Benchmark('test/lockserv_multi.pyv',safety=mutex)
[(0.614627, 885), (0.610906, 888), (0.619694, 885), (0.63038, 933), (0.655276, 954), (0.697269, 1020), (0.632591, 930), (0.626935, 888), (0.698147, 996), (0.692214, 996), (0.654861, 954), (0.620209, 888), (0.619231, 888), (0.679785, 954), (0.678161, 996), (0.643169, 954), (0.632517, 888), (0.66963, 999), (0.619148, 885), (0.646992, 930), (0.65404, 954), (0.626307, 885), (0.665346, 951), (0.640138, 885), (0.626992, 888), (0.658803, 954), (0.638151, 933), (0.651603, 954), (0.637299, 930), (0.620954, 885), (0.625094, 888), (0.618438, 888), (0.623465, 888), (0.712377, 1020), (0.623098, 888), (0.666663, 954), (0.636667, 933), (0.656367, 954), (0.629776, 930), (0.635893, 930), (0.678725, 999), (0.621551, 885), (0.637599, 930), (0.626279, 888), (0.64255, 933), (0.61752, 885), (0.620018, 888), (0.657754, 954), (0.627331, 888), (0.634856, 888), (0.68771, 999), (0.645704, 933), (0.678893, 996), (0.620318, 888), (0.626023, 885), (0.652889, 954), (0.617358, 885), (0.660276, 954), (0.645327, 933), (0.6348, 930), (0.683041, 999), (0.625785, 888), (0.713367, 1065), (0.639117, 885), (0.664666, 954), (0.615303, 885), (0.620545, 888), (0.627914, 888), (0.647973, 954), (0.679809, 996), (0.646776, 885), (0.67369, 954), (0.649842, 933), (0.620606, 885), (0.635944, 930), (0.639234, 930), (0.63566, 933), (0.633283, 933), (0.640823, 888), (0.627465, 885), (0.619234, 885), (0.622319, 885), (0.673306, 999), (0.663651, 954), (0.65752, 954), (0.62245, 888), (0.624456, 885), (0.709562, 1020), (0.637799, 930), (0.616991, 885), (0.641349, 888), (0.643253, 930), (0.630346, 930), (0.619788, 885), (0.642503, 933), (0.628637, 885), (0.667305, 951), (0.623631, 888), (0.636626, 930), (0.664021, 954), (0.636374, 930), (0.675341, 999), (0.62538, 888), (0.684487, 933), (0.637161, 930), (0.635281, 930), (0.633015, 930), (0.639867, 930), (0.659818, 954), (0.627297, 885), (0.633547, 885), (0.645936, 933), (0.660062, 954), (0.621061, 888), (0.698215, 999), (0.625543, 885), (0.668385, 954), (0.621524, 888), (0.686009, 999), (0.640736, 930), (0.697156, 1020), (0.625413, 888), (0.623354, 885), (0.629956, 885), (0.640806, 888), (0.645035, 888), (0.62003, 885), (0.665797, 954), (0.63257, 885), (0.631537, 885), (0.684118, 999), (0.63019, 888), (0.625654, 888), (0.635685, 933), (0.625571, 888), (0.660937, 954), (0.614515, 885), (0.622128, 888), (0.627318, 888), (0.651696, 888), (0.668812, 999), (0.641038, 933), (0.679812, 954), (0.623334, 888), (0.624786, 885), (0.673426, 999), (0.63771, 888), (0.651449, 888), (0.639757, 885), (0.691315, 888), (0.695078, 930), (0.682952, 933), (0.712394, 933), (0.697462, 954), (0.710194, 954), (0.641991, 888), (0.616622, 888), (0.665199, 999), (0.632542, 885), (0.641347, 885), (0.63303, 885), (0.671599, 999), (0.637983, 888), (0.674967, 999), (0.618967, 885), (0.632989, 933), (0.677684, 999), (0.631684, 933), (0.670267, 999), (0.620142, 888), (0.688758, 996), (0.630261, 885), (0.63235, 933), (0.626829, 885), (0.656797, 954), (0.67564, 954), (0.666425, 999), (0.649932, 954), (0.650415, 933), (0.668585, 951), (0.618453, 885), (0.623376, 885), (0.646041, 933), (0.663492, 954), (0.62876, 885), (0.670347, 999), (0.685808, 999), (0.646715, 933), (0.628868, 930), (0.622604, 885), (0.646121, 885), (0.633713, 888), (0.621051, 885), (0.630292, 888), (0.604529, 867), (0.64126, 933), (0.630336, 885), (0.634936, 930), (0.629802, 888), (0.640597, 888), (0.621094, 888), (0.628058, 888), (0.630438, 888), (0.62808, 888), (0.675487, 999), (0.675952, 996), (0.63034, 885), (0.627024, 885), (0.624459, 888), (0.637789, 933), (0.624636, 885), (0.688075, 954), (0.637605, 933), (0.652556, 954), (0.635452, 888), (0.643447, 885), (0.656526, 954), (0.623571, 888), (0.663502, 954), (0.628403, 885), (0.626861, 888), (0.619636, 885), (0.64372, 930), (0.641104, 930), (0.643413, 930), (0.625491, 885), (0.629749, 888), (0.673268, 954), (0.654657, 930), (0.640036, 933), (0.6197, 885), (0.645176, 933), (0.632812, 888), (0.623207, 885), (0.643124, 933), (0.628136, 888), (0.640189, 933), (0.634756, 885), (0.624776, 885), (0.641266, 933), (0.623588, 885), (0.639162, 933), (0.638748, 930), (0.630069, 888), (0.655818, 933), (0.669855, 954), (0.625373, 888), (0.670338, 954), (0.635165, 885), (0.619039, 888), (0.597107, 867), (0.627691, 885), (0.620853, 888), (0.622678, 888), (0.636582, 885), (0.636507, 888), (0.619777, 885), (0.640026, 933), (0.62401, 888), (0.656597, 954), (0.635487, 930), (0.669705, 999), (0.638802, 885), (0.676638, 996), (0.623851, 888), (0.638059, 930), (0.637143, 933), (0.633417, 888), (0.624413, 888), (0.672285, 954), (0.671351, 954), (0.601522, 867), (0.640199, 930), (0.698466, 1020), (0.67707, 954), (0.644986, 933), (0.639909, 933), (0.644544, 930), (0.670702, 996), (0.664264, 954), (0.640739, 930), (0.624603, 885), (0.634309, 930), (0.653577, 933), (0.645519, 888), (0.638489, 888), (0.633531, 933), (0.632353, 885), (0.655217, 930), (0.643049, 933), (0.623531, 885), (0.668684, 954), (0.643669, 930), (0.636299, 933), (0.626218, 888), (0.634435, 885), (0.639339, 933), (0.63144, 930), (0.620848, 885), (0.642831, 888), (0.665942, 954), (0.647357, 933), (0.67205, 954), (0.65, 888), (0.625429, 888), (0.660408, 933), (0.622237, 885), (0.659322, 930), (0.663235, 951), (0.681669, 996), (0.6577, 954), (0.720682, 1065), (0.632024, 888), (0.646002, 885), (0.693957, 954), (0.642526, 930), (0.641242, 933), (0.658402, 954), (0.626836, 888), (0.683497, 954), (0.601014, 864), (0.636871, 933), (0.631469, 888), (0.635756, 885), (0.725607, 1065), (0.655643, 954), (0.639326, 930), (0.646194, 933), (0.649189, 933), (0.634894, 885), (0.63333, 888), (0.669345, 954), (0.639743, 933), (0.638635, 930), (0.633267, 888), (0.641448, 888), (0.720853, 1065), (0.641134, 933), (0.628393, 885), (0.659227, 954), (0.621798, 885), (0.624228, 885), (0.609546, 864), (0.657492, 888), (0.665028, 954), (0.635641, 930), (0.639026, 888), (0.653013, 933), (0.641034, 933), (0.653751, 954), (0.636378, 930), (0.630438, 888), (0.636428, 885), (0.652397, 954), (0.622381, 888), (0.630093, 888), (0.627434, 888), (0.629569, 888), (0.674608, 954), (0.631746, 888), (0.626821, 888), (0.625824, 888), (0.627171, 888), (0.628913, 885), (0.640457, 930), (0.639563, 885), (0.622074, 885), (0.636139, 885), (0.670992, 999), (0.641257, 888), (0.670507, 999), (0.629826, 885), (0.623888, 888), (0.627248, 885), (0.619258, 885), (0.638515, 888), (0.660762, 954), (0.663144, 954), (0.657933, 954), (0.621577, 888), (0.625794, 885), (0.638247, 933), (0.622325, 885), (0.677881, 954), (0.653266, 954), (0.675394, 954), (0.650701, 933), (0.661802, 954), (0.629989, 885), (0.620215, 885), (0.69461, 954), (0.640746, 933), (0.637387, 930), (0.655408, 954), (0.646129, 933), (0.637483, 930), (0.658871, 954), (0.623174, 888), (0.624581, 888), (0.684524, 954), (0.639657, 888), (0.655115, 954), (0.616911, 888), (0.644848, 930), (0.677514, 996), (0.621096, 888), (0.629208, 885), (0.626834, 885), (0.637059, 930), (0.622198, 888), (0.658775, 954), (0.639129, 885), (0.621518, 885), (0.627719, 888), (0.627034, 888), (0.687688, 999), (0.674625, 999), (0.621101, 888), (0.626969, 888), (0.64027, 933), (0.642942, 888), (0.635675, 933), (0.635675, 930), (0.627287, 888), (0.631526, 930), (0.619819, 885), (0.633352, 888), (0.686666, 996), (0.643341, 933), (0.651222, 954), (0.625225, 888), (0.699905, 954), (0.627648, 888), (0.633604, 885), (0.643891, 930), (0.668147, 954), (0.629305, 888), (0.628209, 885), (0.642812, 933), (0.65256, 933), (0.661384, 954), (0.624988, 888), (0.624076, 888), (0.651683, 933), (0.627169, 885), (0.622405, 885), (0.679358, 999), (0.67895, 999), (0.622128, 885), (0.629287, 885), (0.630966, 888), (0.690231, 999), (0.629379, 888), (0.627616, 885), (0.671502, 954), (0.647802, 930), (0.681736, 954), (0.64242, 930), (0.661937, 954), (0.68198, 999), (0.619834, 885), (0.654816, 933), (0.625618, 885), (0.655432, 933), (0.631224, 885), (0.677902, 996), (0.699608, 999), (0.653521, 933), (0.643235, 930), (0.628997, 888), (0.686537, 999), (0.633616, 888), (0.665183, 954), (0.671, 885), (0.628369, 885), (0.640173, 885), (0.698856, 996), (0.643379, 933), (0.686321, 954), (0.72733, 1065), (0.634503, 930), (0.661788, 954), (0.656525, 930), (0.64346, 888), (0.628252, 885), (0.637784, 930), (0.629116, 885), (0.636465, 885), (0.629045, 888), (0.663439, 933), (0.658856, 930), (0.658075, 930), (0.629108, 888), (0.660344, 951), (0.627533, 888), (0.635022, 888), (0.628765, 885), (0.62881, 888), (0.640066, 933), (0.619132, 888)]
avg_time: 0.644757712
stdev_time: 0.022847685059239335
avg_nqueries: 922.086
stdev_nqueries: 40.37616963195366
# timeouts: 0
Benchmark('test/consensus.pyv',safety=one_leader)
[(0.990518, 665), (1.009391, 665), (1.03395, 654), (0.997365, 665), (1.015025, 665), (1.019444, 665), (0.999912, 665), (0.949216, 618), (1.011752, 654), (1.030156, 665), (7.973354, 2437), (8.090409, 2437), (1.046054, 654), (1.018532, 665), (1.025037, 632), (1.001524, 665), (0.955049, 607), (1.017669, 643), (8.215178, 2569), (1.006134, 629), (1.030426, 665), (1.057323, 654), (1.011375, 643), (1.031311, 665), (1.036425, 665), (1.044045, 665), (1.025309, 654), (1.058991, 654), (1.051175, 665), (1.003539, 665), (1.031389, 629), (1.058504, 654), (0.986375, 643), (1.034516, 665), (1.023532, 632), (9.394541, 2706), (0.99885, 643), (1.030453, 665), (1.020819, 654), (0.998749, 632), (1.009391, 629), (1.046795, 665), (1.02747, 640), (1.065864, 654), (1.034734, 632), (7.913467, 2413), (0.998471, 640), (0.992042, 640), (8.443333, 2502), (0.973546, 654), (1.024049, 632), (0.990575, 607), (8.164748, 2541), (1.032709, 665), (1.036819, 632), (1.04334, 665), (1.053363, 654), (1.070002, 654), (0.978279, 665), (1.035609, 665), (1.094821, 665), (1.059628, 654), (1.019148, 665), (8.269653, 2498), (0.99086, 632), (1.018893, 632), (1.05363, 654), (1.043609, 665), (1.039281, 665), (1.028064, 665), (1.014846, 632), (8.108823, 2437), (1.034722, 665), (1.001803, 643), (1.005653, 632), (1.01997, 654), (0.979879, 640), (1.059586, 665), (1.033986, 665), (1.021819, 632), (1.030918, 665), (1.03596, 665), (1.04266, 665), (8.696835, 2545), (1.07595, 665), (1.04752, 654), (1.038984, 665), (1.039336, 665), (1.042845, 654), (1.064965, 654), (1.05073, 654), (1.034866, 632), (1.03478, 654), (1.036419, 665), (1.033307, 629), (0.964191, 621), (0.970539, 621), (1.015726, 665), (1.054245, 665), (1.013143, 629), (1.047608, 654), (8.950093, 2622), (1.013182, 665), (1.031911, 632), (1.049226, 665), (1.008143, 665), (1.041931, 665), (0.997755, 643), (1.046927, 654), (1.033784, 665), (1.037195, 665), (1.048863, 654), (1.037253, 665), (1.037784, 665), (1.04271, 665), (1.061884, 654), (1.037732, 665), (1.017731, 665), (1.039182, 665), (1.043275, 665), (1.009495, 632), (9.284572, 2796), (1.030117, 665), (1.031696, 665), (1.062794, 654), (1.039856, 665), (1.034543, 665), (1.047007, 654), (1.050336, 665), (0.974688, 629), (1.039295, 665), (1.058017, 665), (1.067315, 654), (1.049478, 665), (1.051649, 654), (8.696837, 2622), (1.008582, 632), (7.815314, 2437), (1.066819, 654), (1.055188, 654), (9.030976, 2643), (1.035161, 665), (8.326497, 2486), (1.006797, 629), (1.041828, 665), (1.006797, 629), (1.043036, 665), (1.033359, 665), (8.256878, 2437), (1.023372, 665), (1.023956, 665), (1.03543, 665), (1.041092, 654), (1.054053, 632), (1.025914, 665), (1.074866, 654), (1.029496, 665), (1.035911, 632), (1.036409, 665), (1.049769, 665), (8.1821, 2541), (1.02821, 665), (1.018283, 665), (1.042346, 665), (1.038401, 665), (8.173189, 2437), (7.82286, 2529), (1.074338, 654), (1.04424, 665), (1.028251, 665), (1.039285, 629), (8.490586, 2545), (1.018703, 665), (1.044961, 665), (1.032876, 665), (1.015629, 643), (1.037035, 665), (1.042457, 632), (1.014455, 665), (8.890777, 2644), (1.062094, 654), (1.042368, 665), (1.02636, 629), (1.017722, 629), (1.003609, 643), (7.885665, 2437), (8.306267, 2541), (1.027483, 654), (1.035912, 654), (1.029512, 665), (1.039684, 665), (0.971413, 640), (1.00062, 665), (8.728789, 2655), (1.002322, 629), (1.055829, 665), (7.831723, 2413), (1.036843, 665), (1.042143, 654), (1.015061, 665), (1.059045, 654), (7.835157, 2437), (0.992253, 643), (1.01912, 665), (1.025622, 632), (1.025833, 632), (8.1481, 2533), (0.967805, 621), (1.04199, 665), (1.001832, 643), (1.028755, 632), (0.996665, 632), (1.055317, 654), (0.976776, 643), (1.047443, 654), (1.004136, 665), (0.987029, 640), (0.934035, 621), (0.988959, 629), (8.361296, 2631), (1.038079, 665), (1.045718, 665), (1.023134, 629), (1.056255, 654), (1.02346, 632), (1.051929, 654), (1.001607, 607), (1.041185, 632), (0.983079, 607), (1.045516, 665), (1.047923, 665), (1.022669, 654), (1.045201, 654), (1.004188, 643), (1.01609, 643), (1.033171, 632), (0.982272, 621), (1.051719, 665), (1.011906, 643), (7.97594, 2437), (1.059444, 654), (7.896983, 2458), (1.054407, 654), (1.043148, 665), (1.074317, 654), (0.974401, 621), (1.064571, 654), (1.042321, 665), (1.059947, 665), (0.976419, 640), (1.04698, 654), (1.039232, 665), (1.044168, 665), (1.043693, 665), (0.999826, 632), (1.061215, 665), (1.104219, 665), (8.399485, 2486), (1.043583, 665), (8.374995, 2593), (0.969338, 621), (1.040938, 665), (1.033139, 665), (1.047347, 654), (1.005812, 643), (0.997931, 640), (1.017489, 654), (0.976716, 629), (1.057534, 654), (1.056093, 665), (1.048316, 654), (8.192559, 2415), (1.001764, 665), (1.051615, 665), (8.163059, 2482), (1.0317, 665), (8.276524, 2437), (1.082218, 654), (1.041608, 665), (1.037243, 632), (1.064999, 654), (8.239685, 2415), (9.477937, 2752), (1.018976, 665), (1.007687, 629), (1.05684, 654), (8.275661, 2541), (1.011837, 665), (1.041542, 665), (1.05303, 654), (1.026324, 665), (1.035357, 665), (1.048239, 665), (1.067769, 654), (1.037274, 665), (0.972526, 621), (1.04152, 665), (1.074751, 654), (1.048837, 654), (1.056363, 654), (1.042605, 632), (1.051666, 665), (8.369759, 2541), (0.96307, 621), (8.625412, 2541), (1.060828, 665), (1.036672, 654), (1.049555, 654), (1.038776, 665), (0.989801, 640), (1.001659, 629), (1.039456, 665), (1.030178, 665), (1.034419, 665), (0.964995, 621), (1.051048, 654), (0.984338, 643), (1.030123, 665), (1.034282, 665), (7.928982, 2437), (1.039119, 665), (0.926205, 621), (1.052854, 665), (1.045112, 665), (0.969873, 640), (1.072794, 654), (1.038877, 665), (1.021485, 665), (1.044313, 665), (1.015939, 665), (1.065972, 654), (1.046002, 632), (1.026922, 665), (1.058049, 654), (9.114773, 2748), (1.045632, 665), (1.0396, 665), (1.032431, 665), (1.061586, 654), (1.03751, 665), (1.028493, 665), (1.017837, 654), (1.067063, 654), (1.06321, 665), (1.010811, 643), (0.976674, 621), (1.044442, 632), (1.016786, 643), (1.00366, 632), (1.033321, 665), (0.973385, 621), (1.075569, 654), (1.054989, 665), (1.050062, 665), (0.996309, 632), (1.034558, 632), (7.863989, 2415), (1.004735, 632), (1.088414, 654), (1.032, 665), (1.05306, 654), (1.008867, 665), (1.031574, 665), (0.969659, 621), (1.040478, 665), (1.075951, 665), (1.06558, 654), (1.034451, 643), (8.493003, 2486), (1.026324, 632), (1.053167, 654), (1.035663, 632), (1.035416, 654), (1.020715, 654), (0.987887, 643), (1.031264, 665), (1.026066, 665), (1.024839, 665), (1.034669, 665), (1.012278, 665), (1.033297, 665), (1.024065, 632), (1.028516, 665), (1.029354, 665), (1.002147, 643), (1.031949, 632), (1.062181, 654), (0.997763, 640), (1.029488, 654), (1.043803, 665), (1.047637, 665), (7.956048, 2437), (1.043038, 665), (1.02646, 665), (1.023492, 632), (0.970781, 643), (1.055284, 665), (0.99417, 629), (1.055672, 654), (1.054613, 665), (1.030279, 665), (1.028482, 665), (1.059679, 654), (1.030384, 665), (1.051726, 665), (1.024977, 665), (1.017686, 629), (1.041354, 632), (1.039404, 665), (1.028864, 654), (1.045924, 665), (1.0324, 643), (1.040656, 665), (1.005067, 632), (1.066169, 654), (1.030987, 643), (1.039359, 665), (1.027059, 665), (1.043169, 654), (1.071718, 654), (1.036125, 654), (1.055712, 665), (8.015295, 2499), (7.977143, 2499), (7.863157, 2437), (1.032399, 665), (1.051268, 654), (1.005164, 640), (8.585559, 2622), (1.056529, 654), (1.029557, 665), (1.037987, 665), (1.043352, 665), (1.078189, 654), (1.032833, 654), (1.037128, 665), (1.079812, 665), (1.064391, 654), (1.025995, 665), (1.069282, 654), (1.020258, 665), (1.04175, 665), (1.076219, 654), (1.068493, 665), (1.048574, 665), (1.012584, 640), (1.006244, 665), (0.992716, 640), (1.062927, 654), (1.021009, 654), (1.045936, 665), (1.022224, 665), (1.008544, 643), (1.05491, 654), (1.012308, 643), (0.999518, 640), (1.012608, 632), (1.036061, 665), (1.015852, 665), (1.026463, 654), (1.046919, 665), (1.035635, 632), (1.061311, 632), (1.068546, 665), (1.042597, 665), (1.045253, 665), (1.042042, 665), (1.026707, 632), (1.058756, 654), (0.997388, 640), (1.074048, 654), (1.075006, 654), (1.029371, 632), (1.037907, 665), (1.035797, 665), (1.05681, 665), (1.041896, 665), (0.999704, 665), (1.031936, 654), (1.017079, 629), (8.030934, 2437), (1.038001, 665), (1.039191, 665), (8.171235, 2499), (1.027157, 665), (1.001492, 665), (0.982309, 640), (1.014751, 640), (1.052984, 654), (8.950758, 2644), (8.026859, 2437), (1.037914, 665), (1.050191, 665), (8.176399, 2482), (0.94442, 607), (1.033283, 665), (1.019662, 632), (1.035457, 665), (0.981687, 640), (1.003369, 643)]
avg_time: 1.832555534
stdev_time: 2.288033949218534
avg_nqueries: 858.316
stdev_nqueries: 586.1069756604469
# timeouts: 0
Benchmark('test/sharded-kv.pyv',safety=keys_unique)
[(0.325218, 346), (0.411298, 418), (0.319386, 343), (0.394243, 418), (0.327128, 346), (0.323408, 343), (0.327402, 346), (0.374378, 387), (0.36494, 387), (0.328824, 346), (0.327654, 346), (0.340299, 346), (0.359365, 384), (0.320932, 343), (0.324443, 346), (0.386484, 390), (0.36132, 377), (0.33286, 346), (0.329731, 346), (0.427161, 424), (0.327147, 346), (0.346816, 374), (0.368113, 380), (0.341715, 346), (0.335909, 346), (0.332566, 346), (0.336199, 346), (0.335502, 346), (0.408, 418), (0.330463, 346), (0.36474, 377), (0.3435, 343), (0.37132, 383), (0.319403, 343), (0.32331, 346), (0.359202, 374), (0.40777, 418), (0.356494, 377), (0.416562, 424), (0.40484, 415), (0.372288, 384), (0.327359, 346), (0.326233, 343), (0.332065, 346), (0.381477, 387), (0.376826, 383), (0.318616, 343), (0.41753, 418), (0.369624, 374), (0.379786, 387), (0.366069, 384), (0.337742, 346), (0.355867, 384), (0.32291, 343), (0.320159, 343), (0.375127, 387), (0.367867, 377), (0.333278, 343), (0.414982, 424), (0.384525, 387), (0.351668, 374), (0.375342, 374), (0.365581, 377), (0.425859, 424), (0.388783, 377), (0.316466, 343), (0.334525, 346), (0.328119, 343), (0.326922, 346), (0.367897, 377), (0.382911, 387), (0.343104, 349), (0.314505, 343), (0.379203, 383), (0.428064, 418), (0.327825, 343), (0.363416, 384), (0.329595, 346), (0.372391, 390), (0.371416, 380), (0.421683, 418), (0.327248, 343), (0.33184, 346), (0.339576, 346), (0.330975, 346), (0.368933, 377), (0.337193, 346), (0.402453, 415), (0.332958, 346), (0.354122, 346), (0.381128, 383), (0.334028, 346), (0.376649, 387), (0.329239, 346), (0.374808, 387), (0.362507, 374), (0.316702, 343), (0.3768, 380), (0.332878, 346), (0.329773, 346), (0.361864, 374), (0.325119, 343), (0.360176, 377), (0.374336, 387), (0.362878, 377), (0.329976, 349), (0.330854, 346), (0.330873, 343), (0.360436, 377), (0.401457, 418), (0.328829, 343), (0.375249, 380), (0.375827, 387), (0.357478, 384), (0.328373, 346), (0.334617, 346), (0.334763, 346), (0.410394, 418), (0.372379, 387), (0.376844, 390), (0.336474, 346), (0.364079, 377), (0.376258, 383), (0.366643, 374), (0.358225, 374), (0.330881, 349), (0.330639, 346), (0.374472, 377), (0.408941, 415), (0.332175, 349), (0.319502, 343), (0.334401, 346), (0.36052, 377), (0.399499, 415), (0.324198, 343), (0.377271, 377), (0.328412, 343), (0.327338, 346), (0.318826, 343), (0.346888, 346), (0.364318, 377), (0.32303, 346), (0.372989, 384), (0.345205, 346), (0.367461, 383), (0.359669, 380), (0.420201, 424), (0.381947, 387), (0.367209, 377), (0.378757, 387), (0.383643, 377), (0.409819, 415), (0.336285, 346), (0.380259, 387), (0.411733, 421), (0.404248, 415), (0.318082, 343), (0.371161, 377), (0.367754, 384), (0.323706, 343), (0.370847, 377), (0.323107, 346), (0.366872, 377), (0.3385, 346), (0.3693, 377), (0.377426, 387), (0.384985, 383), (0.415793, 415), (0.419741, 418), (0.327155, 346), (0.372213, 377), (0.419029, 418), (0.385563, 377), (0.366268, 383), (0.332869, 346), (0.336893, 346), (0.382267, 377), (0.318824, 343), (0.335165, 346), (0.335233, 343), (0.383034, 377), (0.327287, 346), (0.384234, 387), (0.365989, 374), (0.355921, 374), (0.413496, 421), (0.371408, 384), (0.378283, 377), (0.323689, 343), (0.370226, 380), (0.353916, 346), (0.39133, 387), (0.407362, 418), (0.324611, 343), (0.418032, 418), (0.368463, 387), (0.369159, 377), (0.36922, 377), (0.370559, 377), (0.407743, 415), (0.365635, 377), (0.406273, 415), (0.374803, 380), (0.336648, 346), (0.363134, 377), (0.381459, 390), (0.33743, 346), (0.369953, 374), (0.336102, 346), (0.358332, 377), (0.37086, 380), (0.333028, 346), (0.378982, 387), (0.371404, 387), (0.369596, 377), (0.424501, 424), (0.364426, 384), (0.334088, 349), (0.363764, 374), (0.41357, 418), (0.380244, 377), (0.376448, 387), (0.38089, 383), (0.390848, 383), (0.341121, 346), (0.338527, 346), (0.329718, 346), (0.324854, 343), (0.407652, 421), (0.365177, 380), (0.323055, 343), (0.371247, 377), (0.367383, 390), (0.362991, 377), (0.366164, 377), (0.37236, 384), (0.325132, 343), (0.372791, 377), (0.337037, 346), (0.331261, 343), (0.328073, 343), (0.332588, 346), (0.352299, 374), (0.38819, 377), (0.320287, 346), (0.364632, 377), (0.321351, 346), (0.332134, 343), (0.379897, 387), (0.369935, 374), (0.325173, 343), (0.335627, 346), (0.374864, 387), (0.330054, 346), (0.324198, 343), (0.359598, 374), (0.381058, 390), (0.367248, 377), (0.326407, 343), (0.373847, 377), (0.319891, 343), (0.363823, 377), (0.37353, 387), (0.365623, 374), (0.330751, 346), (0.430661, 424), (0.404834, 387), (0.332938, 346), (0.336038, 349), (0.339569, 346), (0.368072, 377), (0.36758, 377), (0.326148, 343), (0.322642, 343), (0.377073, 387), (0.404148, 415), (0.338091, 346), (0.363097, 374), (0.370579, 380), (0.376596, 387), (0.342889, 346), (0.384049, 390), (0.333581, 343), (0.331224, 343), (0.364235, 377), (0.331186, 343), (0.368053, 377), (0.411092, 418), (0.3699, 377), (0.327966, 346), (0.377578, 377), (0.328483, 343), (0.36763, 384), (0.372819, 387), (0.380666, 387), (0.385439, 383), (0.367966, 374), (0.415943, 418), (0.380543, 383), (0.384321, 383), (0.370043, 387), (0.332891, 346), (0.374334, 377), (0.402476, 415), (0.343812, 343), (0.379035, 387), (0.337175, 346), (0.416767, 418), (0.324621, 343), (0.337173, 346), (0.371157, 374), (0.386335, 377), (0.330366, 343), (0.364321, 374), (0.375892, 383), (0.36269, 377), (0.376307, 387), (0.428113, 424), (0.379555, 384), (0.416138, 418), (0.329893, 346), (0.340891, 346), (0.403748, 415), (0.373323, 387), (0.336174, 346), (0.376219, 387), (0.374441, 377), (0.329498, 346), (0.321431, 343), (0.377356, 377), (0.333573, 346), (0.358992, 374), (0.368365, 377), (0.369702, 374), (0.370143, 374), (0.33183, 346), (0.368524, 377), (0.407355, 415), (0.326389, 343), (0.411206, 421), (0.357945, 374), (0.334437, 346), (0.373231, 377), (0.354648, 374), (0.365135, 377), (0.369774, 387), (0.33456, 346), (0.375593, 387), (0.369664, 384), (0.327963, 346), (0.403662, 415), (0.363747, 380), (0.327924, 346), (0.367242, 377), (0.383353, 387), (0.365859, 377), (0.362369, 380), (0.366649, 377), (0.418871, 424), (0.328324, 346), (0.356142, 374), (0.344575, 346), (0.413736, 418), (0.369497, 374), (0.370782, 377), (0.370675, 387), (0.344202, 349), (0.368208, 377), (0.331393, 346), (0.36466, 377), (0.337709, 346), (0.399559, 415), (0.333584, 346), (0.369414, 377), (0.373323, 377), (0.363547, 377), (0.331893, 346), (0.331557, 343), (0.334308, 346), (0.357477, 380), (0.329852, 346), (0.340344, 349), (0.333114, 343), (0.367628, 384), (0.328573, 346), (0.362972, 374), (0.435204, 424), (0.364125, 374), (0.33361, 346), (0.377381, 374), (0.420883, 418), (0.414886, 424), (0.37192, 387), (0.382476, 384), (0.379461, 377), (0.325978, 343), (0.376169, 377), (0.342604, 346), (0.339504, 346), (0.332501, 349), (0.333674, 346), (0.374875, 377), (0.332665, 343), (0.332624, 349), (0.419381, 418), (0.327377, 346), (0.381618, 377), (0.378248, 383), (0.360564, 374), (0.364117, 384), (0.331073, 343), (0.378631, 387), (0.397167, 387), (0.421862, 424), (0.372957, 377), (0.358303, 374), (0.366729, 384), (0.38373, 377), (0.325766, 343), (0.325087, 346), (0.353324, 346), (0.325937, 343), (0.382659, 387), (0.322332, 343), (0.37363, 380), (0.416099, 418), (0.371712, 384), (0.359998, 374), (0.373988, 383), (0.322821, 343), (0.322452, 346), (0.328614, 346), (0.361191, 374), (0.413036, 421), (0.36069, 374), (0.375781, 377), (0.360782, 374), (0.329532, 346), (0.37956, 377), (0.332234, 346), (0.365745, 374), (0.403209, 415), (0.375129, 387), (0.350341, 346), (0.37159, 377), (0.319283, 343), (0.333713, 346), (0.334634, 346), (0.384982, 383), (0.328671, 346), (0.334392, 346), (0.38576, 377), (0.323621, 343), (0.375556, 387), (0.383469, 377), (0.371399, 377), (0.413603, 418), (0.322929, 343), (0.329669, 343), (0.339322, 343), (0.358555, 377), (0.351411, 374), (0.427113, 424), (0.376639, 387), (0.370607, 387), (0.335735, 346), (0.355111, 374), (0.332788, 343), (0.37011, 377), (0.379939, 383), (0.334399, 346), (0.323889, 343), (0.372741, 387), (0.35682, 374), (0.329107, 346), (0.449023, 424), (0.330812, 346), (0.331262, 346), (0.327846, 346), (0.357002, 374), (0.329457, 346), (0.328964, 346), (0.408929, 418), (0.36163, 374), (0.365942, 377), (0.371916, 387), (0.37501, 377), (0.332735, 346), (0.435252, 418), (0.335071, 346), (0.339065, 346), (0.365515, 377), (0.412294, 418), (0.370709, 377), (0.333975, 346), (0.327332, 343), (0.42188, 418), (0.390406, 387), (0.325056, 343), (0.367072, 383)]
avg_time: 0.360452986
stdev_time: 0.028882189834517017
avg_nqueries: 370.94
stdev_nqueries: 24.630992094170427
# timeouts: 0
Benchmark('test/ring.pyv',safety=one_leader)
[(8.287433, 960), (7.451625, 938), (5.330644, 849), (0.746213, 264), (0.790177, 254), (0.774271, 255), (0.738539, 254), (7.334004, 919), (0.777688, 254), None, (0.764314, 254), (3.696756, 719), (0.728406, 254), (0.741065, 255), (0.702073, 264), (0.755224, 255), (5.449948, 808), (8.364501, 1388), None, (8.713102, 995), None, (0.784167, 264), (6.884259, 860), (0.722, 264), (0.735279, 264), (4.024633, 775), None, (0.734979, 254), (0.745942, 264), (7.561544, 1282), (0.728738, 255), (5.369956, 863), (0.725934, 264), (9.409682, 1540), (0.777645, 254), (3.708679, 719), (7.672735, 981), (0.727788, 255), (8.532434, 1489), (5.439198, 830), (0.730266, 264), None, (7.156449, 1155), (7.407563, 894), None, (7.535667, 938), (0.755237, 264), (0.766404, 254), (5.539494, 849), (0.742562, 264), None, None, (6.654177, 845), None, (0.748364, 254), (3.592472, 697), (0.736868, 254), (0.772681, 255), None, (0.729935, 254), (5.487244, 830), (0.740869, 255), (0.739082, 264), (9.326209, 1051), (0.73938, 254), (8.310509, 982), (3.943861, 752), (3.848972, 711), (5.069587, 794), (0.717205, 255), (3.842847, 730), None, (3.636656, 711), (0.74837, 254), (0.758524, 254), (0.769275, 254), (0.759759, 264), None, None, (0.758751, 264), (0.735593, 264), (3.948851, 730), (0.767582, 264), (0.753624, 254), (4.059309, 755), (5.552966, 874), (7.239163, 919), None, (7.204528, 947), None, (3.822235, 730), (0.776248, 254), None, (7.400628, 959), (0.754692, 255), (0.723467, 254), (7.158394, 868), (0.764926, 254), (0.738234, 255), (0.737441, 264), (8.673423, 1030), (3.526723, 697), (0.751912, 264), (0.739803, 264), (0.72839, 254), (3.178362, 678), (0.751345, 264), (5.217618, 825), (3.621797, 719), (0.747739, 255), (3.848875, 711), None, (5.570894, 863), (7.483561, 1200), (3.6766, 727), (6.018126, 1057), (4.129397, 789), (3.520077, 697), None, (0.769409, 254), (0.74333, 264), (5.204307, 794), (0.779034, 254), (0.718624, 255), (0.782404, 254), (0.782996, 254), (7.431748, 916), (0.719918, 254), None, (0.756068, 264), None, None, (3.653123, 716), None, (0.733551, 255), (0.729045, 264), (7.793069, 1376), (4.034058, 766), (7.557548, 916), (0.746676, 264), (0.735203, 255), (0.768587, 254), (0.719074, 255), (0.768733, 264), (0.78012, 255), (0.732652, 264), (0.741244, 264), (3.974279, 766), (0.801384, 254), (0.766359, 254), None, (0.773675, 255), (0.722132, 255), (0.72542, 254), (7.452062, 915), None, (0.733053, 264), None, None, (4.036442, 752), (0.723312, 255), (5.513671, 849), (0.72062, 254), (0.734466, 264), (0.753511, 255), (0.775391, 254), (9.403593, 1343), (0.731256, 254), (8.03083, 1439), (0.769245, 254), (3.990964, 733), (3.900519, 719), (0.750701, 254), (7.456241, 938), None, (6.051821, 1074), (0.739948, 264), (3.682924, 719), (0.744599, 264), (4.950063, 758), None, (0.774644, 264), (3.614251, 694), None, (3.746978, 711), (0.772252, 255), (0.711267, 254), (6.632428, 1175), (8.466496, 1357), (7.036733, 960), (7.367255, 904), (0.741121, 254), (7.171197, 886), (7.540108, 952), (0.76555, 255), (0.762528, 254), (0.72451, 264), None, (0.7671, 264), (0.738223, 264), (0.757646, 254), (0.729113, 254), (0.764452, 255), (8.38905, 1318), (0.738462, 255), (0.779197, 264), (0.749031, 254), None, (0.748803, 255), (0.755715, 264), (9.047087, 1426), (0.749923, 254), (0.728269, 254), (7.397402, 915), (6.865302, 899), (0.72389, 264), (0.732322, 255), (0.752188, 264), (0.728652, 264), (0.737485, 264), (0.727524, 255), (0.786916, 254), (0.750211, 264), (8.17041, 986), (0.728613, 264), (8.89325, 1547), (0.734954, 254), (0.723398, 264), (7.47786, 918), (0.741758, 254), (0.735826, 254), (5.618947, 905), (7.850729, 952), (7.964608, 1364), None, None, (0.748466, 254), (7.422451, 1201), (3.574343, 719), (3.697559, 719), (0.749738, 264), (0.770164, 264), (0.781863, 264), (0.738344, 264), (0.766125, 264), (0.779275, 264), (0.73748, 264), (0.750088, 254), (3.705609, 719), (6.955812, 905), (4.019367, 731), (0.747698, 254), (0.753333, 254), (0.775241, 254), None, (4.069906, 808), None, (0.729128, 254), (0.759889, 254), (0.744537, 264), (0.795183, 264), (0.830149, 254), (5.197304, 830), (0.732659, 255), None, None, (5.244555, 863), (0.779369, 254), (9.01166, 1497), (0.746039, 264), (5.394755, 1033), (0.751442, 254), (0.76436, 254), (7.330226, 905), (7.347485, 951), (0.752031, 255), (7.765708, 951), (0.739274, 264), (0.727462, 264), (7.057934, 919), (0.721601, 264), (0.72187, 264), (0.722516, 264), None, (8.132577, 1362), (7.163103, 916), (0.720726, 264), (0.72772, 264), (5.151509, 814), (7.33322, 916), (0.72456, 254), (5.882087, 919), (0.739074, 264), (7.981453, 1301), (5.876568, 919), (3.755329, 695), (3.689903, 719), (0.737537, 255), (0.747304, 254), (9.312107, 1328), None, (0.753852, 264), (0.778428, 264), (0.771721, 254), (8.13875, 1338), (0.738486, 254), (7.205491, 899), (0.753462, 254), (4.242275, 811), (0.771889, 255), (0.756409, 254), (0.74915, 254), (8.933243, 1413), (6.32681, 929), (3.700308, 686), (0.713155, 264), (0.739212, 254), (0.76739, 254), (3.824308, 730), (0.738624, 264), (0.76443, 255), (7.114593, 883), (0.7386, 254), (0.71648, 264), None, (0.757483, 254), (7.456455, 916), (0.73956, 255), (9.276374, 1459), None, (4.069054, 744), None, None, (0.733549, 255), (0.732594, 255), (7.431933, 959), (0.740239, 264), None, (0.735557, 254), None, (3.862094, 752), None, (0.730614, 264), (0.738165, 264), (0.74102, 264), (0.730134, 255), (0.780378, 254), (0.73792, 255), (3.692559, 697), (7.306555, 938), (7.081458, 893), None, (0.752622, 254), (0.778936, 254), (0.773783, 254), (0.752101, 254), (7.371334, 905), None, (7.468866, 938), (0.754679, 255), (8.302832, 1404), (0.716549, 264), (7.365968, 916), (0.727548, 254), (0.722418, 264), (0.730571, 264), (0.743825, 254), None, (0.722988, 255), None, (0.792669, 264), None, (0.731948, 264), (0.729768, 264), (7.403667, 926), (0.718399, 264), (7.201428, 893), (0.739665, 255), (0.724844, 264), (0.768089, 254), None, (0.770664, 254), (4.062056, 766), (4.14408, 733), (3.604831, 697), (7.417874, 885), (0.737742, 254), (0.739443, 264), (7.520698, 937), (0.725058, 264), None, (0.776978, 255), (5.840959, 919), None, (0.726327, 255), (0.733941, 254), None, (3.246498, 727), (0.765558, 264), (3.505078, 666), (7.476221, 938), None, (0.775592, 255), (0.753757, 264), (0.751514, 254), (5.889621, 905), (3.524843, 697), (0.752823, 254), (0.768567, 254), (0.755867, 255), (7.342132, 934), (8.813518, 1415), None, (0.725528, 255), (6.201507, 1090), (0.735103, 264), (0.785784, 255), (0.7641, 264), (0.738768, 264), (0.750217, 254), (0.76049, 255), (0.766196, 254), (0.75401, 254), None, (6.339482, 833), (4.450892, 758), (0.730295, 255), (3.793873, 700), (3.998221, 733), None, (0.763402, 254), (3.742154, 752), (7.196751, 926), None, (5.300433, 816), (0.726337, 255), (7.040057, 905), (0.73001, 254), (6.942841, 1225), (0.763303, 264), (3.765651, 752), (0.759171, 264), (0.720777, 254), None, (0.775484, 264), (0.745265, 264), (0.726524, 264), (3.762283, 719), (7.08379, 897), (8.355789, 1397), (8.096336, 1302), (0.743339, 264), (0.772369, 254), (7.554759, 938), (0.772445, 255), (0.746023, 264), None, (0.754925, 264), (3.894284, 711), (0.766895, 254), None, (0.735516, 255), (0.756689, 255), (0.742541, 254), (3.825446, 719), (0.7388, 254), (0.792237, 254), (7.305078, 938), (3.695396, 752), None, (0.739818, 255), (0.730502, 255), (3.812025, 740), (8.523327, 1515), (0.752591, 254), None, None, (9.180383, 1467), (0.80877, 264), (3.505087, 697), (0.731138, 264), (4.101778, 774), None, (7.699157, 1212), (0.765709, 254), (0.760381, 264), (8.628661, 1459), (0.759777, 254), (0.739194, 254), (0.761541, 264), (0.763588, 255), (0.73121, 254), (0.769186, 254), (6.443261, 845), None, (3.429812, 664), (0.767528, 254), (0.722241, 264), None, (0.726308, 264)]
avg_time: 2.924765162412993
stdev_time: 2.882376213046679
avg_nqueries: 533.4709976798143
stdev_nqueries: 362.87330541776737
# timeouts: 69
